Analisis/Data/CTD/ra2012_24.cnv
* Sea-Bird SBE 9 Data File:
* FileName = C:\DATOSCAMPANA_CTD\19-RAPROCAN-VUCANA_1220\RAW\ra2012_24.hex
* Software Version Seasave V 7.26.7.107
* Temperature SN = 5842
* Conductivity SN = 4178
* Number of Bytes Per Scan = 44
* Number of Voltage Words = 4
* Number of Scans Averaged by the Deck Unit = 1
* NMEA Latitude = 29 10.01 N
* NMEA Longitude = 018 29.79 W
* NMEA UTC (Time) = Dec 11 2020  12:57:48
* NMEA baud rate = 4800
** **Ship: Ramon Margalef
** **Cruise: RAPROCAN-VULCANA_2012
** **Station: 24
** **Cast: 01
** **Latitude: 29:10.008
** **Longitude: -18:29.783
** **Depth: 4232
** **Date: 11/12/2020
** **Time: 12:58
# nquan = 12
# nvalues = 8577                        
# units = specified
# name 0 = prDM: Pressure, Digiquartz [db]
# name 1 = t090C: Temperature [ITS-90, deg C]
# name 2 = c0S/m: Conductivity [S/m]
# name 3 = t190C: Temperature, 2 [ITS-90, deg C]
# name 4 = c1S/m: Conductivity, 2 [S/m]
# name 5 = flECO-AFL: Fluorescence, WET Labs ECO-AFL/FL [mg/m^3]
# name 6 = sbeox0V: Oxygen raw, SBE 43 [V]
# name 7 = turbWETntu0: Turbidity, WET Labs ECO [NTU]
# name 8 = sbeox0ML/L: Oxygen, SBE 43 [ml/l], WS = 2
# name 9 = sal00: Salinity, Practical [PSU]
# name 10 = sal11: Salinity, Practical, 2 [PSU]
# name 11 = flag: flag
# span 0 =      5.000,   4293.000       
# span 1 =     2.3706,    21.2675       
# span 2 =   3.259452,   5.166939       
# span 3 =     2.3688,    21.2669       
# span 4 =   3.257734,   5.162625       
# span 5 =    -0.0203,     0.4779       
# span 6 =     1.3721,     2.7026       
# span 7 =     0.3006,     0.3381       
# span 8 =     3.4399,     5.2254       
# span 9 =    34.8821,    36.9587       
# span 10 =    34.8637,    36.9223      
# span 11 = 0.0000e+00, 0.0000e+00      
# interval = decibars: 1                
# start_time = Dec 11 2020 12:57:49 [NMEA time, first data scan]
# bad_flag = -9.990e-29
*END*
[from data line 6858]
   1723.000     5.4042   3.479360     5.4036   3.477483     0.0022     1.7438     0.3172     4.8348    35.2502    35.2296 0.0000e+00
   1722.000     5.4069   3.479589     5.4067   3.477764     0.0022     1.7438     0.3178     4.8364    35.2505    35.2301 0.0000e+00
   1721.000     5.4081   3.479670     5.4076   3.477808     0.0053     1.7443     0.3178     4.8349    35.2506    35.2300 0.0000e+00
   1720.000     5.4055   3.479342     5.4082   3.477826    -0.0011     1.7438     0.3178     4.8246    35.2500    35.2301 0.0000e+00
   1719.000     5.4061   3.479415     5.4072   3.477670     0.0024     1.7432     0.3184     4.8225    35.2507    35.2299 0.0000e+00
   1718.000     5.4068   3.479418     5.4065   3.477597     0.0018     1.7429     0.3202     4.8241    35.2505    35.2302 0.0000e+00
   1717.000     5.4112   3.479828     5.4094   3.477852    -0.0050     1.7431     0.3202     4.8272    35.2511    35.2305 0.0000e+00
   1716.000     5.4150   3.480157     5.4141   3.478265     0.0044     1.7430     0.3187     4.8238    35.2513    35.2309 0.0000e+00
   1715.000     5.4161   3.480203     5.4148   3.478262     0.0050     1.7431     0.3178     4.8253    35.2511    35.2306 0.0000e+00
   1714.000     5.4153   3.480060     5.4141   3.478128     0.0066     1.7431     0.3197     4.8199    35.2509    35.2303 0.0000e+00
   1713.000     5.4139   3.479841     5.4122   3.477853     0.0095     1.7428     0.3228     4.8176    35.2502    35.2296 0.0000e+00
   1712.000     5.4112   3.479473     5.4097   3.477530     0.0043     1.7427     0.3245     4.8152    35.2494    35.2290 0.0000e+00
   1711.000     5.4113   3.479447     5.4102   3.477546    -0.0123     1.7421     0.3205     4.8130    35.2495    35.2290 0.0000e+00
   1710.000     5.4120   3.479478     5.4111   3.477595    -0.0059     1.7421     0.3180     4.8134    35.2495    35.2291 0.0000e+00
   1709.000     5.4123   3.479473     5.4113   3.477591     0.0053     1.7416     0.3216     4.8062    35.2497    35.2293 0.0000e+00
   1708.000     5.4110   3.479306     5.4095   3.477374     0.0054     1.7407     0.3193     4.8064    35.2496    35.2292 0.0000e+00
   1707.000     5.4125   3.479431     5.4114   3.477538     0.0042     1.7406     0.3178     4.8050    35.2499    35.2296 0.0000e+00
   1706.000     5.4110   3.479189     5.4102   3.477327     0.0022     1.7401     0.3196     4.8032    35.2491    35.2289 0.0000e+00
   1705.000     5.3959   3.477088     5.3985   3.475834     0.0022     1.7402     0.3202     4.8082    35.2415    35.2246 0.0000e+00
   1704.000     5.3538   3.472360     5.3454   3.469746     0.0022     1.7401     0.3203     4.8100    35.2319    35.2110 0.0000e+00
   1703.000     5.3427   3.471662     5.3152   3.466541    -0.0028     1.7395     0.3202     4.8030    35.2359    35.2064 0.0000e+00
   1702.000     5.3385   3.470474     5.3119   3.466205    -0.0114     1.7388     0.3203     4.7982    35.2272    35.2064 0.0000e+00
   1701.000     5.3322   3.470182     5.3205   3.467048    -0.0078     1.7380     0.3222     4.7913    35.2310    35.2075 0.0000e+00
   1700.000     5.3229   3.468922     5.3191   3.466856    -0.0051     1.7372     0.3214     4.7855    35.2268    35.2073 0.0000e+00
   1699.000     5.3199   3.468652     5.3207   3.466971    -0.0051     1.7360     0.3181     4.7818    35.2272    35.2074 0.0000e+00
   1698.000     5.3206   3.468707     5.3214   3.467050     0.0018     1.7351     0.3202     4.7834    35.2276    35.2080 0.0000e+00
   1697.000     5.3294   3.469652     5.3321   3.468145     0.0143     1.7345     0.3205     4.7779    35.2297    35.2098 0.0000e+00
   1696.000     5.3377   3.470507     5.3407   3.469009     0.0033     1.7332     0.3227     4.7682    35.2313    35.2112 0.0000e+00
   1695.000     5.3444   3.471110     5.3435   3.469268     0.0025     1.7323     0.3207     4.7715    35.2317    35.2117 0.0000e+00
   1694.000     5.3460   3.471255     5.3459   3.469472     0.0096     1.7318     0.3227     4.7645    35.2321    35.2120 0.0000e+00
   1693.000     5.3471   3.471326     5.3464   3.469471     0.0029     1.7309     0.3207     4.7602    35.2322    35.2120 0.0000e+00
   1692.000     5.3475   3.471319     5.3460   3.469399     0.0066     1.7303     0.3189     4.7627    35.2322    35.2120 0.0000e+00
   1691.000     5.3469   3.471228     5.3448   3.469236     0.0004     1.7301     0.3166     4.7645    35.2322    35.2119 0.0000e+00
   1690.000     5.3430   3.470844     5.3439   3.469132     0.0017     1.7295     0.3166     4.7602    35.2324    35.2121 0.0000e+00
   1689.000     5.3474   3.471184     5.3461   3.469295     0.0022     1.7292     0.3178     4.7673    35.2322    35.2122 0.0000e+00
   1688.000     5.3486   3.471343     5.3478   3.469482     0.0088     1.7297     0.3201     4.7696    35.2332    35.2130 0.0000e+00
   1687.000     5.3578   3.472238     5.3574   3.470414     0.0052     1.7297     0.3194     4.7637    35.2343    35.2141 0.0000e+00
   1686.000     5.3647   3.472917     5.3651   3.471152     0.0022     1.7297     0.3188     4.7613    35.2354    35.2149 0.0000e+00
   1685.000     5.3702   3.473503     5.3692   3.471612     0.0004     1.7297     0.3207     4.7603    35.2368    35.2164 0.0000e+00
   1684.000     5.3829   3.474895     5.3854   3.473292    -0.0051     1.7297     0.3202     4.7579    35.2399    35.2192 0.0000e+00
   1683.000     5.3951   3.476057     5.3958   3.474272     0.0043     1.7297     0.3191     4.7574    35.2409    35.2200 0.0000e+00
   1682.000     5.4063   3.477153     5.4058   3.475279     0.0082     1.7299     0.3184     4.7563    35.2422    35.2215 0.0000e+00
   1681.000     5.4069   3.477021     5.4064   3.475268     0.0026     1.7299     0.3201     4.7566    35.2405    35.2212 0.0000e+00
   1680.000     5.3959   3.475863     5.3936   3.473876    -0.0043     1.7302     0.3181     4.7569    35.2393    35.2192 0.0000e+00
   1679.000     5.4072   3.477182     5.4039   3.475017    -0.0049     1.7302     0.3191     4.7542    35.2430    35.2219 0.0000e+00
   1678.000     5.4141   3.477867     5.4137   3.475978 -9.990e-29     1.7304     0.3226     4.7568    35.2440    35.2232 0.0000e+00
   1677.000     5.4276   3.479121     5.4243   3.476981 -9.990e-29     1.7306     0.3179     4.7564    35.2447    35.2240 0.0000e+00
   1676.000     5.4292   3.479246     5.4274   3.477273 -9.990e-29     1.7310     0.3167     4.7582    35.2450    35.2245 0.0000e+00
   1675.000     5.4303   3.479308     5.4288   3.477358     0.0016     1.7313     0.3154     4.7575    35.2451    35.2246 0.0000e+00
   1674.000     5.4322   3.479495     5.4330   3.477798     0.0022     1.7316     0.3182     4.7585    35.2456    35.2257 0.0000e+00
   1673.000     5.4380   3.480062     5.4386   3.478331     0.0045     1.7320     0.3189     4.7555    35.2466    35.2264 0.0000e+00
   1672.000     5.4447   3.480790     5.4488   3.479432     0.0087     1.7320     0.3163     4.7561    35.2483    35.2287 0.0000e+00
   1671.000     5.4586   3.482223     5.4607   3.480556     0.0022     1.7326     0.3202     4.7581    35.2506    35.2297 0.0000e+00
   1670.000     5.4640   3.482695     5.4640   3.480890     0.0085     1.7328     0.3182     4.7553    35.2508    35.2305 0.0000e+00
   1669.000     5.4697   3.483251     5.4706   3.481528     0.0030 -9.990e-29     0.3201 -9.990e-29    35.2518    35.2314 0.0000e+00
   1668.000     5.4709   3.483294     5.4724   3.481692     0.0022 -9.990e-29     0.3185 -9.990e-29    35.2514    35.2317 0.0000e+00
   1667.000     5.4771   3.483973     5.4778   3.482217     0.0050 -9.990e-29     0.3169 -9.990e-29    35.2531    35.2326 0.0000e+00
   1666.000     5.4818   3.484388     5.4810   3.482517     0.0068 -9.990e-29     0.3165 -9.990e-29    35.2535    35.2331 0.0000e+00
   1665.000     5.4726   3.483281     5.4810   3.482466     0.0022     1.7336     0.3178     4.7519    35.2509    35.2331 0.0000e+00
   1664.000     5.4979   3.486253     5.5115   3.485670     0.0022     1.7339     0.3201     4.7504    35.2588    35.2382 0.0000e+00
   1663.000     5.5012   3.486274     5.5123   3.485734    -0.0045     1.7343     0.3202     4.7550    35.2562    35.2386 0.0000e+00
   1662.000     5.5365   3.490251     5.5444   3.489172    -0.0005     1.7347     0.3202     4.7494    35.2651    35.2447 0.0000e+00
   1661.000     5.5771   3.494313     5.5785   3.492598     0.0077     1.7353     0.3202     4.7491    35.2694    35.2486 0.0000e+00
   1660.000     5.5887   3.495423     5.5880   3.493510    -0.0003     1.7359     0.3219     4.7486    35.2705    35.2496 0.0000e+00
   1659.000     5.5959   3.496151     5.5935   3.494043    -0.0029     1.7363     0.3230     4.7494    35.2716    35.2505 0.0000e+00
   1658.000     5.6003   3.496552     5.5979   3.494469     0.0006     1.7371     0.3198     4.7510    35.2721    35.2511 0.0000e+00
   1657.000     5.6040   3.496897     5.6030   3.494973    -0.0050     1.7374     0.3179     4.7459    35.2726    35.2520 0.0000e+00
   1656.000     5.6066   3.497140     5.6089   3.495535     0.0023     1.7377     0.3203     4.7451    35.2732    35.2528 0.0000e+00
   1655.000     5.6126   3.497766     5.6137   3.496029    -0.0039     1.7377     0.3202     4.7434    35.2746    35.2539 0.0000e+00
   1654.000     5.6228   3.498780     5.6223   3.496862    -0.0020     1.7379     0.3201     4.7441    35.2759    35.2548 0.0000e+00
   1653.000     5.6241   3.498685     5.6290   3.497490     0.0064     1.7382     0.3186     4.7432    35.2740    35.2555 0.0000e+00
   1652.000     5.5982   3.496016     5.6094   3.495379    -0.0026     1.7383     0.3217     4.7434    35.2710    35.2524 0.0000e+00
   1651.000     5.6342   3.499933     5.6353   3.498117    -0.0025     1.7386     0.3204     4.7453    35.2786    35.2570 0.0000e+00
   1650.000     5.6337   3.499719     5.6349   3.498061    -0.0051     1.7389     0.3178     4.7441    35.2771    35.2572 0.0000e+00
   1649.000     5.6416   3.500384     5.6424   3.498676    -0.0015     1.7393     0.3194     4.7425    35.2769    35.2569 0.0000e+00
   1648.000     5.6256   3.499028     5.6382   3.498341    -0.0040     1.7393     0.3211     4.7381    35.2786    35.2578 0.0000e+00
   1647.000     5.6624   3.502546     5.6623   3.500727     0.0022     1.7392     0.3202     4.7390    35.2808    35.2604 0.0000e+00
   1646.000     5.6702   3.503446     5.6674   3.501271     0.0022     1.7396     0.3183     4.7405    35.2832    35.2617 0.0000e+00
   1645.000     5.6794   3.504337     5.6773   3.502252     0.0022     1.7398     0.3192     4.7402    35.2842    35.2630 0.0000e+00
   1644.000     5.6830   3.504638     5.6813   3.502628     0.0022     1.7403     0.3202     4.7425    35.2844    35.2636 0.0000e+00
   1643.000     5.6841   3.504735     5.6849   3.502964     0.0022     1.7406     0.3202     4.7399    35.2848    35.2642 0.0000e+00
   1642.000     5.6875   3.505032     5.6878   3.503239     0.0022     1.7408     0.3202     4.7355    35.2852    35.2646 0.0000e+00
   1641.000     5.6911   3.505390     5.6930   3.503738    -0.0003     1.7407     0.3197     4.7379    35.2859    35.2654 0.0000e+00
   1640.000     5.6959   3.505844     5.6977   3.504172    -0.0040     1.7413     0.3185     4.7443    35.2865    35.2659 0.0000e+00
   1639.000     5.6945   3.505568     5.6936   3.503671     0.0099 -9.990e-29     0.3206 -9.990e-29    35.2854    35.2649 0.0000e+00
   1638.000     5.6943   3.505612     5.6962   3.503954     0.0083 -9.990e-29     0.3190 -9.990e-29    35.2865    35.2659 0.0000e+00
   1637.000     5.6989   3.506065     5.7006   3.504378     0.0034     1.7416     0.3192     4.7340    35.2874    35.2667 0.0000e+00
   1636.000     5.7171   3.507949     5.7168   3.506033     0.0094     1.7416     0.3235     4.7332    35.2902    35.2691 0.0000e+00
   1635.000     5.7317   3.509375     5.7310   3.507454     0.0034     1.7418     0.3195     4.7337    35.2916    35.2708 0.0000e+00
   1634.000     5.7376   3.509919     5.7380   3.508101     0.0058     1.7420     0.3194     4.7341    35.2921    35.2713 0.0000e+00
   1633.000     5.7421   3.510347     5.7423   3.508510     0.0094     1.7426     0.3202     4.7357    35.2928    35.2720 0.0000e+00
   1632.000     5.7363   3.509595     5.7406   3.508261     0.0072     1.7429     0.3194     4.7355    35.2908    35.2713 0.0000e+00
   1631.000     5.7339   3.509455     5.7379   3.508025     0.0097     1.7433     0.3220     4.7320    35.2922    35.2720 0.0000e+00
   1630.000     5.7435   3.510316     5.7471   3.508843     0.0121     1.7432     0.3214     4.7276    35.2924    35.2721 0.0000e+00
   1629.000     5.7537   3.511592     5.7551   3.509793     0.0021     1.7432     0.3178     4.7303    35.2967    35.2751 0.0000e+00
   1628.000     5.7704   3.513109     5.7691   3.511107     0.0022     1.7435     0.3175     4.7284    35.2970    35.2758 0.0000e+00
   1627.000     5.7630   3.512200     5.7638   3.510493     0.0063     1.7433     0.3180     4.7228    35.2949    35.2749 0.0000e+00
   1626.000     5.7638   3.512289     5.7582   3.509894     0.0016     1.7430     0.3189     4.7225    35.2955    35.2744 0.0000e+00
   1625.000     5.7761   3.513526     5.7746   3.511528     0.0022     1.7429     0.3210     4.7215    35.2972    35.2763 0.0000e+00
   1624.000     5.7796   3.513960     5.7773   3.511865     0.0022     1.7432     0.3202     4.7226    35.2989    35.2778 0.0000e+00
   1623.000     5.7896   3.514918     5.7875   3.512832     0.0022     1.7432     0.3203     4.7228    35.2999    35.2786 0.0000e+00
   1622.000     5.7941   3.515316     5.7940   3.513455     0.0022     1.7435     0.3202     4.7222    35.3001    35.2794 0.0000e+00
   1621.000     5.7970   3.515568     5.7970   3.513730     0.0044     1.7437     0.3202     4.7225    35.3004    35.2798 0.0000e+00
   1620.000     5.7994   3.515795     5.7991   3.513914     0.0081     1.7439     0.3203     4.7221    35.3010    35.2802 0.0000e+00
   1619.000     5.8029   3.516088     5.7997   3.513874    -0.0029     1.7441     0.3184     4.7186    35.3012    35.2797 0.0000e+00
   1618.000     5.7949   3.515176     5.7945   3.513320    -0.0001     1.7438     0.3192     4.7142    35.2996    35.2792 0.0000e+00
   1617.000     5.8013   3.515944     5.8033   3.514282    -0.0050     1.7435     0.3202     4.7129    35.3021    35.2814 0.0000e+00
   1616.000     5.8108   3.516883     5.8109   3.514995    -0.0001     1.7436     0.3215     4.7157    35.3033    35.2820 0.0000e+00
   1615.000     5.8181   3.517516     5.8168   3.515523     0.0022     1.7437     0.3211     4.7168    35.3033    35.2823 0.0000e+00
   1614.000     5.8202   3.517682     5.8189   3.515695     0.0022     1.7440     0.3207     4.7160    35.3035    35.2826 0.0000e+00
   1613.000     5.8152   3.517088     5.8205   3.515843     0.0107     1.7441     0.3189     4.7158    35.3025    35.2831 0.0000e+00
   1612.000     5.8098   3.516543     5.8225   3.515987     0.0083     1.7442     0.3192     4.7138    35.3024    35.2831 0.0000e+00
   1611.000     5.8211   3.517695     5.8207   3.515752    -0.0010     1.7442     0.3213     4.7118    35.3041    35.2828 0.0000e+00
   1610.000     5.8229   3.517864     5.8252   3.516232    -0.0034     1.7443     0.3213     4.7098    35.3046    35.2840 0.0000e+00
   1609.000     5.8240   3.517835     5.8274   3.516364     0.0056     1.7441     0.3192     4.7102    35.3037    35.2837 0.0000e+00
   1608.000     5.8298   3.518514     5.8294   3.516558     0.0093     1.7442     0.3202     4.7111    35.3058    35.2843 0.0000e+00
   1607.000     5.8349   3.518910     5.8336   3.516946    -0.0115     1.7445     0.3208     4.7122    35.3054    35.2847 0.0000e+00
   1606.000     5.8418   3.519576     5.8409   3.517628    -0.0019     1.7448     0.3203     4.7104    35.3063    35.2853 0.0000e+00
   1605.000     5.8423   3.519564     5.8414   3.517625     0.0023     1.7448     0.3211     4.7076    35.3060    35.2853 0.0000e+00
