Analisis/Data/CTD/ra2012_24.cnv
* Sea-Bird SBE 9 Data File:
* FileName = C:\DATOSCAMPANA_CTD\19-RAPROCAN-VUCANA_1220\RAW\ra2012_24.hex
* Software Version Seasave V 7.26.7.107
* Temperature SN = 5842
* Conductivity SN = 4178
* Number of Bytes Per Scan = 44
* Number of Voltage Words = 4
* Number of Scans Averaged by the Deck Unit = 1
* NMEA Latitude = 29 10.01 N
* NMEA Longitude = 018 29.79 W
* NMEA UTC (Time) = Dec 11 2020  12:57:48
* NMEA baud rate = 4800
** **Ship: Ramon Margalef
** **Cruise: RAPROCAN-VULCANA_2012
** **Station: 24
** **Cast: 01
** **Latitude: 29:10.008
** **Longitude: -18:29.783
** **Depth: 4232
** **Date: 11/12/2020
** **Time: 12:58
# nquan = 12
# nvalues = 8577                        
# units = specified
# name 0 = prDM: Pressure, Digiquartz [db]
# name 1 = t090C: Temperature [ITS-90, deg C]
# name 2 = c0S/m: Conductivity [S/m]
# name 3 = t190C: Temperature, 2 [ITS-90, deg C]
# name 4 = c1S/m: Conductivity, 2 [S/m]
# name 5 = flECO-AFL: Fluorescence, WET Labs ECO-AFL/FL [mg/m^3]
# name 6 = sbeox0V: Oxygen raw, SBE 43 [V]
# name 7 = turbWETntu0: Turbidity, WET Labs ECO [NTU]
# name 8 = sbeox0ML/L: Oxygen, SBE 43 [ml/l], WS = 2
# name 9 = sal00: Salinity, Practical [PSU]
# name 10 = sal11: Salinity, Practical, 2 [PSU]
# name 11 = flag: flag
# span 0 =      5.000,   4293.000       
# span 1 =     2.3706,    21.2675       
# span 2 =   3.259452,   5.166939       
# span 3 =     2.3688,    21.2669       
# span 4 =   3.257734,   5.162625       
# span 5 =    -0.0203,     0.4779       
# span 6 =     1.3721,     2.7026       
# span 7 =     0.3006,     0.3381       
# span 8 =     3.4399,     5.2254       
# span 9 =    34.8821,    36.9587       
# span 10 =    34.8637,    36.9223      
# span 11 = 0.0000e+00, 0.0000e+00      
# interval = decibars: 1                
# start_time = Dec 11 2020 12:57:49 [NMEA time, first data scan]
# bad_flag = -9.990e-29
*END*
[from data line 361]
    366.000    13.4222   4.237330    13.4205   4.234493    -0.0073     2.0946     0.3031     4.2824    35.7897    35.7644 0.0000e+00
    367.000    13.4132   4.236403    13.4118   4.233595    -0.0115     2.0937     0.3030     4.2803    35.7889    35.7637 0.0000e+00
    368.000    13.3996   4.234955    13.3979   4.232131    -0.0088     2.0918     0.3069     4.2711    35.7875    35.7624 0.0000e+00
    369.000    13.3868   4.233508    13.3849   4.230709    -0.0050     2.0897     0.3087     4.2676    35.7855    35.7607 0.0000e+00
    370.000    13.3594   4.230390    13.3577   4.227727    -0.0051     2.0886     0.3031     4.2695    35.7812    35.7575 0.0000e+00
    371.000    13.3365   4.228034    13.3349   4.225300    -0.0051     2.0871     0.3068     4.2658    35.7799    35.7555 0.0000e+00
    372.000    13.3230   4.226670    13.3214   4.223878    -0.0077     2.0850     0.3063     4.2598    35.7793    35.7543 0.0000e+00
    373.000    13.3208   4.226463    13.3190   4.223620    -0.0077     2.0822     0.3071     4.2534    35.7789    35.7537 0.0000e+00
    374.000    13.3108   4.225369    13.3091   4.222558    -0.0095     2.0799     0.3044     4.2519    35.7775    35.7524 0.0000e+00
    375.000    13.2995   4.224151    13.2977   4.221348    -0.0061     2.0782     0.3048     4.2505    35.7761    35.7512 0.0000e+00
    376.000    13.2912   4.223284    13.2896   4.220489    -0.0051     2.0772     0.3065     4.2504    35.7753    35.7503 0.0000e+00
    377.000    13.2804   4.222072    13.2786   4.219297    -0.0047     2.0760     0.3079     4.2482    35.7735    35.7488 0.0000e+00
    378.000    13.2639   4.220243    13.2621   4.217482    -0.0043     2.0747     0.3069     4.2469    35.7712    35.7466 0.0000e+00
    379.000    13.2498   4.218790    13.2482   4.215987    -0.0067     2.0733     0.3010     4.2476    35.7702    35.7452 0.0000e+00
    380.000    13.2423   4.217989    13.2405   4.215177    -0.0109     2.0725     0.3031     4.2455    35.7693    35.7442 0.0000e+00
    381.000    13.2344   4.217104    13.2327   4.214329    -0.0180     2.0714     0.3029     4.2433    35.7678    35.7431 0.0000e+00
    382.000    13.2187   4.215397    13.2172   4.212642    -0.0073     2.0701     0.3006     4.2395    35.7659    35.7412 0.0000e+00
    383.000    13.1973   4.212961    13.1956   4.210250    -0.0051     2.0683     0.3024     4.2385    35.7625    35.7382 0.0000e+00
    384.000    13.1768   4.210800    13.1751   4.208029    -0.0038     2.0672     0.3030     4.2398    35.7607    35.7360 0.0000e+00
    385.000    13.1723   4.210407    13.1705   4.207590    -0.0080     2.0664     0.3061     4.2385    35.7608    35.7357 0.0000e+00
    386.000    13.1665   4.209770    13.1646   4.206965    -0.0009     2.0651     0.3063     4.2376    35.7598    35.7349 0.0000e+00
    387.000    13.1555   4.208473    13.1537   4.205722    -0.0029     2.0646     0.3107     4.2398    35.7573    35.7329 0.0000e+00
    388.000    13.1250   4.205171    13.1246   4.202560    -0.0050     2.0639     0.3073     4.2390    35.7542    35.7297 0.0000e+00
    389.000    13.1155   4.204161    13.1138   4.201403    -0.0018     2.0629     0.3042     4.2357    35.7531    35.7284 0.0000e+00
    390.000    13.1087   4.203424    13.1069   4.200652    -0.0024     2.0620     0.3038     4.2340    35.7521    35.7273 0.0000e+00
    391.000    13.0964   4.202086    13.0946   4.199322     0.0018     2.0607     0.3079     4.2306    35.7505    35.7259 0.0000e+00
    392.000    13.0899   4.201471    13.0882   4.198680    -0.0161     2.0591     0.3082     4.2292    35.7503    35.7253 0.0000e+00
    393.000    13.0879   4.201313    13.0862   4.198494    -0.0048     2.0582     0.3094     4.2324    35.7502    35.7250 0.0000e+00
    394.000    13.0845   4.200961    13.0828   4.198162    -0.0051     2.0577     0.3056     4.2311    35.7497    35.7246 0.0000e+00
    395.000    13.0796   4.200466    13.0779   4.197664    -0.0051     2.0573     0.3054     4.2321    35.7491    35.7241 0.0000e+00
    396.000    13.0717   4.199621    13.0699   4.196832    -0.0054     2.0568     0.3029     4.2302    35.7481    35.7232 0.0000e+00
    397.000    13.0669   4.199153    13.0651   4.196349    -0.0046     2.0559     0.3012     4.2289    35.7477    35.7227 0.0000e+00
    398.000    13.0649   4.198966    13.0632   4.196164    -0.0083     2.0553     0.3055     4.2299    35.7474    35.7223 0.0000e+00
    399.000    13.0550   4.197802    13.0533   4.195074    -0.0159     2.0553     0.3056     4.2317    35.7452    35.7208 0.0000e+00
    400.000    13.0405   4.196243    13.0388   4.193521    -0.0112     2.0550     0.3056     4.2300    35.7436    35.7192 0.0000e+00
    401.000    13.0312   4.195303    13.0296   4.192550    -0.0054     2.0541     0.3056     4.2279    35.7430    35.7181 0.0000e+00
    402.000    13.0159   4.193611    13.0140   4.190828    -0.0054     2.0535     0.3067     4.2330    35.7407    35.7160 0.0000e+00
    403.000    13.0024   4.192024    13.0002   4.189241    -0.0194     2.0534     0.3056     4.2317    35.7379    35.7134 0.0000e+00
    404.000    12.9693   4.188295    12.9674   4.185641     0.0034     2.0526     0.3032     4.2273    35.7330    35.7095 0.0000e+00
    405.000    12.9551   4.186895    12.9534   4.184173     0.0027     2.0513     0.3031     4.2245    35.7326    35.7082 0.0000e+00
    406.000    12.9524   4.186654    12.9506   4.183893    -0.0037     2.0503     0.3051     4.2255    35.7324    35.7078 0.0000e+00
    407.000    12.9490   4.186303    12.9471   4.183514     0.0029     2.0496     0.3056     4.2279    35.7318    35.7070 0.0000e+00
    408.000    12.9408   4.185376    12.9385   4.182554     0.0008     2.0490     0.3071     4.2289    35.7303    35.7055 0.0000e+00
    409.000    12.9230   4.183418    12.9213   4.180671    -0.0029     2.0481     0.3103     4.2277    35.7279    35.7033 0.0000e+00
    410.000    12.9045   4.181253    12.9030   4.178638    -0.0022     2.0474     0.3080     4.2294    35.7242    35.7007 0.0000e+00
    411.000    12.8805   4.178701    12.8788   4.176030    -0.0038     2.0473     0.3067     4.2327    35.7220    35.6980 0.0000e+00
    412.000    12.8702   4.177630    12.8683   4.174887    -0.0060     2.0471     0.3031     4.2318    35.7210    35.6966 0.0000e+00
    413.000    12.8635   4.176931    12.8617   4.174191    -0.0051     2.0464     0.3044     4.2317    35.7202    35.6957 0.0000e+00
    414.000    12.8583   4.176417    12.8565   4.173667    -0.0051     2.0463     0.3056     4.2377    35.7198    35.6952 0.0000e+00
    415.000    12.8415   4.174462    12.8394   4.171726    -0.0065     2.0472     0.3066     4.2410    35.7166    35.6923 0.0000e+00
    416.000    12.8298   4.173284    12.8282   4.170549    -0.0050     2.0466     0.3064     4.2368    35.7158    35.6912 0.0000e+00
    417.000    12.8258   4.172850    12.8240   4.170141    -0.0051     2.0464     0.3063     4.2427    35.7151    35.6907 0.0000e+00
    418.000    12.8173   4.171895    12.8153   4.169155    -0.0051     2.0472     0.3078     4.2471    35.7134    35.6891 0.0000e+00
    419.000    12.8063   4.170681    12.8055   4.168101    -0.0051     2.0473     0.3055     4.2477    35.7118    35.6878 0.0000e+00
    420.000    12.7981   4.169714    12.7926   4.166575    -0.0136     2.0491     0.3046     4.2533    35.7098    35.6850 0.0000e+00
    421.000    12.7815   4.168170    12.7797   4.165429     0.0025     2.0484     0.3006     4.2462    35.7102    35.6857 0.0000e+00
    422.000    12.7799   4.168164    12.7781   4.165415    -0.0039     2.0479     0.3038     4.2462    35.7112    35.6867 0.0000e+00
    423.000    12.7725   4.167316    12.7705   4.164639    -0.0073     2.0475     0.3055     4.2449    35.7097    35.6859 0.0000e+00
    424.000    12.7616   4.166283    12.7597   4.163538    -0.0161     2.0465     0.3012     4.2364    35.7096    35.6851 0.0000e+00
    425.000    12.7543   4.165462    12.7525   4.162735    -0.0151     2.0429     0.3036     4.2199    35.7083    35.6838 0.0000e+00
    426.000    12.7479   4.164775    12.7460   4.162024    -0.0057     2.0384     0.3074     4.2131    35.7073    35.6827 0.0000e+00
    427.000    12.7374   4.163608    12.7357   4.160923    -0.0051     2.0362     0.3033     4.2168    35.7056    35.6814 0.0000e+00
    428.000    12.7293   4.162858    12.7277   4.160127    -0.0057     2.0354     0.3026     4.2208    35.7056    35.6809 0.0000e+00
    429.000    12.7276   4.162733    12.7258   4.159997    -0.0052     2.0349     0.3037     4.2230    35.7056    35.6810 0.0000e+00
    430.000    12.7234   4.162327    12.7218   4.159600    -0.0026     2.0345     0.3056     4.2195    35.7052    35.6805 0.0000e+00
    431.000    12.7198   4.162034    12.7180   4.159288    -0.0040     2.0332     0.3053     4.2150    35.7054    35.6807 0.0000e+00
    432.000    12.7244   4.162866    12.7228   4.160090    -0.0040     2.0322     0.3035     4.2133    35.7086    35.6834 0.0000e+00
    433.000    12.7308   4.163749    12.7289   4.160977    -0.0048     2.0315     0.3031     4.2091    35.7106    35.6857 0.0000e+00
    434.000    12.7271   4.163386    12.7253   4.160627    -0.0117     2.0297     0.3045     4.1935    35.7102    35.6853 0.0000e+00
    435.000    12.7276   4.163541    12.7259   4.160791    -0.0035     2.0241     0.3080     4.1685    35.7108    35.6860 0.0000e+00
    436.000    12.7243   4.163201    12.7225   4.160445    -0.0033     2.0186     0.3067     4.1592    35.7102    35.6854 0.0000e+00
    437.000    12.7147   4.162155    12.7129   4.159459    -0.0027     2.0151     0.3061     4.1575    35.7088    35.6846 0.0000e+00
    438.000    12.6964   4.160244    12.6946   4.157540    -0.0051     2.0127     0.3072     4.1552    35.7073    35.6831 0.0000e+00
    439.000    12.6822   4.158734    12.6803   4.155997    -0.0051     2.0099     0.3036     4.1494    35.7058    35.6813 0.0000e+00
    440.000    12.6759   4.158112    12.6742   4.155378    -0.0076     2.0069     0.3074     4.1422    35.7053    35.6806 0.0000e+00
    441.000    12.6694   4.157415    12.6675   4.154680    -0.0149     2.0041     0.3055     4.1380    35.7044    35.6798 0.0000e+00
    442.000    12.6610   4.156470    12.6593   4.153795     0.0012     2.0022     0.3056     4.1364    35.7028    35.6786 0.0000e+00
    443.000    12.6502   4.155323    12.6484   4.152630    -0.0057     2.0008     0.3056     4.1369    35.7015    35.6773 0.0000e+00
    444.000    12.6398   4.154214    12.6380   4.151509    -0.0023     1.9999     0.3042     4.1374    35.7003    35.6759 0.0000e+00
    445.000    12.6272   4.152774    12.6251   4.150050    -0.0006     1.9982     0.3058     4.1359    35.6979    35.6737 0.0000e+00
    446.000    12.6031   4.150155    12.6015   4.147464    -0.0059     1.9970     0.3054     4.1391    35.6951    35.6707 0.0000e+00
    447.000    12.6006   4.149969    12.5991   4.147273     0.0056     1.9970     0.3074     4.1473    35.6952    35.6707 0.0000e+00
    448.000    12.5949   4.149356    12.5930   4.146655    -0.0049     1.9981     0.3080     4.1537    35.6943    35.6701 0.0000e+00
    449.000    12.5897   4.148889    12.5880   4.146183    -0.0076     1.9987     0.3070     4.1535    35.6942    35.6698 0.0000e+00
    450.000    12.5818   4.147984    12.5799   4.145313    -0.0156     1.9990     0.3054     4.1518    35.6926    35.6687 0.0000e+00
    451.000    12.5671   4.146516    12.5653   4.143829    -0.0051     1.9987     0.3049     4.1483    35.6919    35.6678 0.0000e+00
    452.000    12.5529   4.144941    12.5508   4.142221    -0.0028     1.9971     0.3072     4.1389    35.6898    35.6655 0.0000e+00
    453.000    12.5401   4.143555    12.5381   4.140856     0.0071     1.9949     0.3056     4.1333    35.6880    35.6639 0.0000e+00
    454.000    12.5338   4.143003    12.5319   4.140296    -0.0013     1.9938     0.3055     4.1360    35.6883    35.6640 0.0000e+00
    455.000    12.5320   4.142935    12.5302   4.140217    -0.0047     1.9928     0.3055     4.1348    35.6889    35.6644 0.0000e+00
    456.000    12.5268   4.142450    12.5248   4.139732    -0.0006     1.9910     0.3056     4.1269    35.6888    35.6644 0.0000e+00
    457.000    12.5199   4.141743    12.5180   4.139039    -0.0037     1.9887     0.3056     4.1182    35.6880    35.6637 0.0000e+00
    458.000    12.5145   4.141215    12.5126   4.138499     0.0061     1.9861 -9.990e-29     4.1113    35.6877    35.6632 0.0000e+00
    459.000    12.5114   4.140914    12.5097   4.138220    -0.0051     1.9840 -9.990e-29     4.1071    35.6872    35.6628 0.0000e+00
    460.000    12.5062   4.140367    12.5045   4.137671    -0.0051     1.9821 -9.990e-29     4.1054    35.6864    35.6621 0.0000e+00
    461.000    12.5000   4.139707    12.4981   4.136998    -0.0001     1.9806     0.3056     4.1070    35.6856    35.6612 0.0000e+00
    462.000    12.4929   4.138950    12.4909   4.136228    -0.0040     1.9799     0.3035     4.1093    35.6845    35.6601 0.0000e+00
    463.000    12.4860   4.138177    12.4841   4.135484    -0.0105     1.9792     0.3031     4.1096    35.6831    35.6590 0.0000e+00
    464.000    12.4718   4.136661    12.4701   4.133995    -0.0062     1.9790     0.3052     4.1110    35.6815    35.6574 0.0000e+00
    465.000    12.4671   4.136231    12.4657   4.133571    -0.0007     1.9785     0.3070     4.1106    35.6814    35.6571 0.0000e+00
    466.000    12.4645   4.135988    12.4627   4.133277    -0.0037     1.9783     0.3063     4.1139    35.6811    35.6567 0.0000e+00
    467.000    12.4603   4.135575    12.4584   4.132864     0.0023     1.9787     0.3080     4.1174    35.6807    35.6563 0.0000e+00
    468.000    12.4557   4.135058    12.4536   4.132363     0.0007     1.9788     0.3076     4.1153    35.6796    35.6556 0.0000e+00
    469.000    12.4399   4.133436    12.4380   4.130758    -0.0050     1.9784     0.3057     4.1145    35.6785    35.6544 0.0000e+00
    470.000    12.4330   4.132798    12.4313   4.130107    -0.0127     1.9776     0.3040     4.1102    35.6784    35.6540 0.0000e+00
    471.000    12.4279   4.132311    12.4261   4.129593    -0.0041     1.9760     0.3074     4.1063    35.6781    35.6536 0.0000e+00
    472.000    12.4200   4.131429    12.4184   4.128776     0.0004     1.9752     0.3056     4.1017    35.6766    35.6526 0.0000e+00
    473.000    12.4108   4.130486    12.4090   4.127824    -0.0051     1.9734     0.3056     4.0964    35.6759    35.6518 0.0000e+00
    474.000    12.4051   4.129913    12.4034   4.127238     0.0037     1.9722     0.3056     4.0940    35.6753    35.6510 0.0000e+00
    475.000    12.3891   4.128187    12.3876   4.125559     0.0018     1.9699     0.3056     4.0913    35.6733    35.6493 0.0000e+00
    476.000    12.3797   4.127277    12.3779   4.124568    -0.0005     1.9681     0.3056     4.0900    35.6730    35.6486 0.0000e+00
    477.000    12.3743   4.126690    12.3724   4.124018    -0.0056     1.9665     0.3053     4.0863    35.6720    35.6480 0.0000e+00
    478.000    12.3685   4.126138    12.3667   4.123451    -0.0006     1.9655     0.3068     4.0871    35.6718    35.6475 0.0000e+00
    479.000    12.3642   4.125748    12.3625   4.123059     0.0068     1.9646     0.3061     4.0853    35.6716    35.6472 0.0000e+00
    480.000    12.3626   4.125647    12.3609   4.122940     0.0045     1.9635     0.3043     4.0824    35.6717    35.6472 0.0000e+00
    481.000    12.3615   4.125556    12.3597   4.122849    -0.0081     1.9625     0.3042     4.0819    35.6715    35.6470 0.0000e+00
    482.000    12.3550   4.124837    12.3534   4.122199    -0.0080     1.9619     0.3040     4.0809    35.6703    35.6463 0.0000e+00
    483.000    12.3413   4.123361    12.3397   4.120751    -0.0005     1.9609     0.3049     4.0790    35.6685    35.6448 0.0000e+00
    484.000    12.3316   4.122434    12.3301   4.119783    -0.0052     1.9600     0.3031     4.0766    35.6683    35.6441 0.0000e+00
    485.000    12.3255   4.121717    12.3239   4.119092    -0.0018     1.9588     0.3052     4.0725    35.6667    35.6428 0.0000e+00
