Analisis/Data/CTD/ra2012_24.cnv
* Sea-Bird SBE 9 Data File:
* FileName = C:\DATOSCAMPANA_CTD\19-RAPROCAN-VUCANA_1220\RAW\ra2012_24.hex
* Software Version Seasave V 7.26.7.107
* Temperature SN = 5842
* Conductivity SN = 4178
* Number of Bytes Per Scan = 44
* Number of Voltage Words = 4
* Number of Scans Averaged by the Deck Unit = 1
* NMEA Latitude = 29 10.01 N
* NMEA Longitude = 018 29.79 W
* NMEA UTC (Time) = Dec 11 2020  12:57:48
* NMEA baud rate = 4800
** **Ship: Ramon Margalef
** **Cruise: RAPROCAN-VULCANA_2012
** **Station: 24
** **Cast: 01
** **Latitude: 29:10.008
** **Longitude: -18:29.783
** **Depth: 4232
** **Date: 11/12/2020
** **Time: 12:58
# nquan = 12
# nvalues = 8577                        
# units = specified
# name 0 = prDM: Pressure, Digiquartz [db]
# name 1 = t090C: Temperature [ITS-90, deg C]
# name 2 = c0S/m: Conductivity [S/m]
# name 3 = t190C: Temperature, 2 [ITS-90, deg C]
# name 4 = c1S/m: Conductivity, 2 [S/m]
# name 5 = flECO-AFL: Fluorescence, WET Labs ECO-AFL/FL [mg/m^3]
# name 6 = sbeox0V: Oxygen raw, SBE 43 [V]
# name 7 = turbWETntu0: Turbidity, WET Labs ECO [NTU]
# name 8 = sbeox0ML/L: Oxygen, SBE 43 [ml/l], WS = 2
# name 9 = sal00: Salinity, Practical [PSU]
# name 10 = sal11: Salinity, Practical, 2 [PSU]
# name 11 = flag: flag
# span 0 =      5.000,   4293.000       
# span 1 =     2.3706,    21.2675       
# span 2 =   3.259452,   5.166939       
# span 3 =     2.3688,    21.2669       
# span 4 =   3.257734,   5.162625       
# span 5 =    -0.0203,     0.4779       
# span 6 =     1.3721,     2.7026       
# span 7 =     0.3006,     0.3381       
# span 8 =     3.4399,     5.2254       
# span 9 =    34.8821,    36.9587       
# span 10 =    34.8637,    36.9223      
# span 11 = 0.0000e+00, 0.0000e+00      
# interval = decibars: 1                
# start_time = Dec 11 2020 12:57:49 [NMEA time, first data scan]
# bad_flag = -9.990e-29
*END*
[from data line 5775]
   2806.000     2.9729   3.277875     2.9715   3.276176     0.0166     1.5610     0.3201     5.0915    34.9510    34.9323 0.0000e+00
   2805.000     2.9724   3.277774     2.9712   3.276097     0.0080     1.5607     0.3207     5.0859    34.9507    34.9321 0.0000e+00
   2804.000     2.9709   3.277639     2.9709   3.276052     0.0154     1.5602 -9.990e-29     5.0802    34.9512    34.9323 0.0000e+00
   2803.000     2.9759   3.278039     2.9740   3.276299     0.0066     1.5596 -9.990e-29     5.0758    34.9511    34.9324 0.0000e+00
   2802.000     2.9765   3.278071     2.9752   3.276382     0.0027     1.5595     0.3184     5.0850    34.9514    34.9326 0.0000e+00
   2801.000     2.9777   3.278123     2.9760   3.276418     0.0093     1.5600     0.3178     5.0967    34.9512    34.9326 0.0000e+00
   2800.000     2.9779   3.278111     2.9762   3.276396     0.0129 -9.990e-29     0.3171 -9.990e-29    34.9513    34.9326 0.0000e+00
   2799.000     2.9778   3.278067     2.9762   3.276360     0.0128 -9.990e-29     0.3167 -9.990e-29    34.9513    34.9326 0.0000e+00
   2798.000     2.9768   3.277939     2.9751   3.276208     0.0059 -9.990e-29     0.3202 -9.990e-29    34.9513    34.9324 0.0000e+00
   2797.000     2.9767   3.277893     2.9750   3.276174     0.0097 -9.990e-29     0.3213 -9.990e-29    34.9513    34.9326 0.0000e+00
   2796.000     2.9781   3.278002     2.9759   3.276227     0.0095 -9.990e-29     0.3173 -9.990e-29    34.9515    34.9327 0.0000e+00
   2795.000     2.9806   3.278207     2.9785   3.276452     0.0095 -9.990e-29     0.3178 -9.990e-29    34.9519    34.9331 0.0000e+00
   2794.000     2.9818   3.278288     2.9800   3.276557     0.0095 -9.990e-29     0.3202 -9.990e-29    34.9520    34.9332 0.0000e+00
   2793.000     2.9846   3.278532     2.9833   3.276842     0.0095 -9.990e-29     0.3169 -9.990e-29    34.9524    34.9336 0.0000e+00
   2792.000     2.9849   3.278520     2.9832   3.276760     0.0040     1.5597     0.3175     5.0863    34.9524    34.9333 0.0000e+00
   2791.000     2.9863   3.278639     2.9836   3.276816     0.0099     1.5599     0.3166     5.0795    34.9528    34.9339 0.0000e+00
   2790.000     2.9882   3.278782     2.9860   3.277009     0.0095     1.5600     0.3185     5.0804    34.9529    34.9341 0.0000e+00
   2789.000     2.9897   3.278924     2.9875   3.277137     0.0095     1.5601     0.3178     5.0858    34.9534    34.9345 0.0000e+00
   2788.000     2.9897   3.278847     2.9886   3.277190     0.0095     1.5604     0.3194     5.0875    34.9530    34.9345 0.0000e+00
   2787.000     2.9925   3.279121     2.9909   3.277384     0.0068     1.5606     0.3202     5.0869    34.9537    34.9347 0.0000e+00
   2786.000     2.9953   3.279358     2.9935   3.277614     0.0023     1.5611     0.3183     5.0904    34.9541    34.9353 0.0000e+00
   2785.000     2.9990   3.279707     2.9957   3.277823     0.0093     1.5616     0.3167     5.0941    34.9548    34.9359 0.0000e+00
   2784.000     3.0013   3.279895     2.9979   3.278005     0.0083     1.5624     0.3178     5.0967    34.9551    34.9362 0.0000e+00
   2783.000     3.0021   3.279928     2.9994   3.278111     0.0055     1.5627     0.3194     5.1044    34.9550    34.9363 0.0000e+00
   2782.000     3.0020   3.279847     3.0000   3.278115     0.0110     1.5637     0.3202     5.1132    34.9547    34.9362 0.0000e+00
   2781.000     2.9999   3.279582     2.9990   3.277938     0.0147     1.5644     0.3197     5.1130    34.9541    34.9356 0.0000e+00
   2780.000     2.9969   3.279284     2.9950   3.277520     0.0051     1.5660     0.3207     5.1200    34.9542    34.9353 0.0000e+00
   2779.000     2.9996   3.279462     2.9978   3.277745     0.0078     1.5668     0.3195     5.1135    34.9540    34.9355 0.0000e+00
   2778.000     3.0003   3.279510     2.9985   3.277775     0.0068     1.5669     0.3189     5.1087    34.9542    34.9355 0.0000e+00
   2777.000     3.0027   3.279712     3.0014   3.278017     0.0022     1.5672     0.3202     5.1073    34.9545    34.9358 0.0000e+00
   2776.000     3.0040   3.279785     3.0026   3.278095     0.0113     1.5672     0.3202     5.1025    34.9546    34.9359 0.0000e+00
   2775.000     3.0045   3.279793     3.0047   3.278278     0.0166     1.5673     0.3202     5.1002    34.9545    34.9363 0.0000e+00
   2774.000     3.0020   3.279524     3.0028   3.278030     0.0094     1.5674     0.3207     5.1049    34.9544    34.9358 0.0000e+00
   2773.000     3.0049   3.279803     3.0013   3.277894     0.0082     1.5677     0.3205     5.1004    34.9552    34.9362 0.0000e+00
   2772.000     3.0092   3.280126     3.0069   3.278359     0.0095     1.5676     0.3202     5.0950    34.9550    34.9363 0.0000e+00
   2771.000     3.0093   3.280131     3.0077   3.278414     0.0095     1.5674     0.3193     5.0983    34.9554    34.9367 0.0000e+00
   2770.000     3.0105   3.280206     3.0089   3.278481     0.0095     1.5677     0.3164     5.1025    34.9554    34.9366 0.0000e+00
   2769.000     3.0115   3.280270     3.0093   3.278491     0.0077     1.5678     0.3178     5.1013    34.9556    34.9368 0.0000e+00
   2768.000     3.0127   3.280347     3.0112   3.278644     0.0028     1.5681     0.3178     5.1037    34.9557    34.9370 0.0000e+00
   2767.000     3.0154   3.280631     3.0135   3.278871     0.0095     1.5681     0.3178     5.0980    34.9567    34.9378 0.0000e+00
   2766.000     3.0227   3.281352     3.0225   3.279754     0.0047     1.5682 -9.990e-29     5.0934    34.9580    34.9392 0.0000e+00
   2765.000     3.0270   3.281674     3.0241   3.279830     0.0024     1.5682 -9.990e-29     5.0998    34.9578    34.9389 0.0000e+00
   2764.000     3.0222   3.281208     3.0140   3.278827     0.0123     1.5690     0.3178     5.1121    34.9578    34.9381 0.0000e+00
   2763.000     3.0319   3.282197     3.0323   3.280662    -0.0047     1.5693     0.3178     5.1136    34.9598    34.9411 0.0000e+00
   2762.000     3.0357   3.282497     3.0344   3.280793     0.0090     1.5699     0.3178     5.1244    34.9598    34.9409 0.0000e+00
   2761.000     3.0378   3.282645     3.0360   3.280912     0.0095     1.5706     0.3159     5.1290    34.9598    34.9410 0.0000e+00
   2760.000     3.0378   3.282598     3.0363   3.280901     0.0077     1.5714     0.3145     5.1245    34.9597    34.9411 0.0000e+00
   2759.000     3.0356   3.282332     3.0354   3.280762     0.0022     1.5724     0.3175     5.1397    34.9593    34.9408 0.0000e+00
   2758.000     3.0361   3.282391     3.0349   3.280695     0.0022     1.5739     0.3167     5.1489    34.9599    34.9410 0.0000e+00
   2757.000     3.0387   3.282598     3.0361   3.280775     0.0022     1.5752     0.3206     5.1516    34.9601    34.9411 0.0000e+00
   2756.000     3.0403   3.282715     3.0376   3.280870     0.0047     1.5765     0.3198     5.1454    34.9603    34.9412 0.0000e+00
   2755.000     3.0417   3.282827     3.0400   3.281101     0.0096     1.5771     0.3178     5.1528    34.9605    34.9418 0.0000e+00
   2754.000     3.0438   3.282986     3.0420   3.281247     0.0096     1.5785     0.3178     5.1685    34.9607    34.9420 0.0000e+00
   2753.000     3.0450   3.283044     3.0433   3.281325     0.0167     1.5794     0.3178     5.1540    34.9606    34.9419 0.0000e+00
   2752.000     3.0458   3.283092     3.0443   3.281380     0.0115     1.5798     0.3178     5.1580    34.9607    34.9419 0.0000e+00
   2751.000     3.0470   3.283186     3.0457   3.281486     0.0095     1.5808     0.3178     5.1642    34.9610    34.9422 0.0000e+00
   2750.000     3.0496   3.283382     3.0468   3.281549     0.0040     1.5820     0.3183     5.1649    34.9611    34.9423 0.0000e+00
   2749.000     3.0497   3.283362     3.0477   3.281599     0.0084     1.5827     0.3178     5.1681    34.9612    34.9423 0.0000e+00
   2748.000     3.0505   3.283394     3.0483   3.281630     0.0095     1.5835     0.3200     5.1703    34.9612    34.9426 0.0000e+00
   2747.000     3.0515   3.283454     3.0496   3.281701     0.0095     1.5842     0.3183     5.1675    34.9613    34.9424 0.0000e+00
   2746.000     3.0516   3.283408     3.0498   3.281683     0.0083     1.5845     0.3155     5.1727    34.9611    34.9425 0.0000e+00
   2745.000     3.0517   3.283381     3.0500   3.281664     0.0023     1.5852     0.3154     5.1705    34.9612    34.9425 0.0000e+00
   2744.000     3.0515   3.283340     3.0501   3.281633     0.0074     1.5853     0.3193     5.1624    34.9613    34.9425 0.0000e+00
   2743.000     3.0499   3.283134     3.0487   3.281447     0.0095     1.5859     0.3173     5.1702    34.9611    34.9422 0.0000e+00
   2742.000     3.0503   3.283155     3.0485   3.281412     0.0092     1.5867     0.3165     5.1703    34.9613    34.9425 0.0000e+00
   2741.000     3.0529   3.283348     3.0507   3.281584 -9.990e-29     1.5868     0.3171     5.1620    34.9613    34.9427 0.0000e+00
   2740.000     3.0544   3.283439     3.0528   3.281730 -9.990e-29     1.5868     0.3178     5.1605    34.9613    34.9427 0.0000e+00
   2739.000     3.0545   3.283416     3.0527   3.281686 -9.990e-29     1.5868     0.3178     5.1597    34.9613    34.9426 0.0000e+00
   2738.000     3.0544   3.283373     3.0528   3.281665 -9.990e-29     1.5868     0.3188     5.1615    34.9614    34.9428 0.0000e+00
   2737.000     3.0544   3.283332     3.0528   3.281627     0.0027     1.5868     0.3202     5.1671    34.9614    34.9427 0.0000e+00
   2736.000     3.0543   3.283296     3.0528   3.281579     0.0022     1.5873     0.3142     5.1681    34.9615    34.9427 0.0000e+00
   2735.000     3.0540   3.283216     3.0524   3.281492     0.0060     1.5876     0.3169     5.1671    34.9613    34.9424 0.0000e+00
   2734.000     3.0540   3.283177     3.0519   3.281421     0.0065     1.5877     0.3182     5.1615    34.9613    34.9426 0.0000e+00
   2733.000     3.0547   3.283205     3.0527   3.281469     0.0168     1.5877     0.3180     5.1638    34.9614    34.9428 0.0000e+00
   2732.000     3.0551   3.283218     3.0536   3.281502     0.0120     1.5879     0.3178     5.1642    34.9615    34.9427 0.0000e+00
   2731.000     3.0565   3.283310     3.0554   3.281636     0.0094     1.5880     0.3178     5.1590    34.9616    34.9429 0.0000e+00
   2730.000     3.0588   3.283495     3.0575   3.281796     0.0025     1.5879     0.3178     5.1625    34.9618    34.9430 0.0000e+00
   2729.000     3.0599   3.283562     3.0560   3.281607     0.0074     1.5881     0.3162     5.1606    34.9619    34.9428 0.0000e+00
   2728.000     3.0599   3.283487     3.0576   3.281737     0.0096 -9.990e-29     0.3199 -9.990e-29    34.9615    34.9431 0.0000e+00
   2727.000     3.0612   3.283600     3.0598   3.281907    -0.0025 -9.990e-29     0.3186 -9.990e-29    34.9619    34.9432 0.0000e+00
   2726.000     3.0626   3.283671     3.0606   3.281917    -0.0011 -9.990e-29     0.3192 -9.990e-29    34.9618    34.9430 0.0000e+00
   2725.000     3.0632   3.283673     3.0613   3.281937     0.0043 -9.990e-29     0.3198 -9.990e-29    34.9616    34.9430 0.0000e+00
   2724.000     3.0631   3.283620     3.0613   3.281882     0.0119     1.5881     0.3179     5.1524    34.9615    34.9428 0.0000e+00
   2723.000     3.0618   3.283461     3.0591   3.281647     0.0071     1.5878     0.3186     5.1445    34.9615    34.9428 0.0000e+00
   2722.000     3.0619   3.283401     3.0600   3.281674     0.0021     1.5872     0.3202     5.1310    34.9611    34.9425 0.0000e+00
   2721.000     3.0620   3.283365     3.0604   3.281650     0.0022     1.5865     0.3181     5.1334    34.9610    34.9423 0.0000e+00
   2720.000     3.0629   3.283386     3.0614   3.281695     0.0022     1.5864     0.3183     5.1347    34.9608    34.9423 0.0000e+00
   2719.000     3.0634   3.283388     3.0618   3.281688     0.0022     1.5861     0.3224     5.1299    34.9608    34.9422 0.0000e+00
   2718.000     3.0635   3.283374     3.0620   3.281664     0.0022     1.5856     0.3164     5.1240    34.9609    34.9421 0.0000e+00
   2717.000     3.0639   3.283375     3.0624   3.281655     0.0085     1.5850     0.3218     5.1185    34.9609    34.9421 0.0000e+00
   2716.000     3.0651   3.283448     3.0633   3.281693     0.0039     1.5843     0.3194     5.1152    34.9610    34.9420 0.0000e+00
   2715.000     3.0676   3.283642     3.0651   3.281822     0.0023     1.5835     0.3200     5.1069    34.9612    34.9422 0.0000e+00
   2714.000     3.0695   3.283794     3.0671   3.282003     0.0161     1.5825     0.3181     5.0961    34.9614    34.9426 0.0000e+00
   2713.000     3.0707   3.283877     3.0684   3.282081     0.0117     1.5819     0.3145     5.0960    34.9616    34.9427 0.0000e+00
   2712.000     3.0716   3.283916     3.0700   3.282191     0.0095     1.5810     0.3152     5.0897    34.9615    34.9427 0.0000e+00
   2711.000     3.0731   3.284014     3.0715   3.282290     0.0074     1.5804     0.3175     5.0924    34.9616    34.9428 0.0000e+00
   2710.000     3.0745   3.284110     3.0729   3.282397     0.0045     1.5797     0.3182     5.0862    34.9618    34.9430 0.0000e+00
   2709.000     3.0758   3.284195     3.0736   3.282430     0.0073     1.5789     0.3202     5.0878    34.9619    34.9431 0.0000e+00
   2708.000     3.0766   3.284235     3.0747   3.282498     0.0024     1.5787     0.3202     5.0898    34.9619    34.9432 0.0000e+00
   2707.000     3.0774   3.284281     3.0759   3.282563     0.0161     1.5784     0.3181     5.0889    34.9621    34.9433 0.0000e+00
   2706.000     3.0780   3.284316     3.0767   3.282609     0.0122     1.5782     0.3178     5.0850    34.9623    34.9434 0.0000e+00
   2705.000     3.0787   3.284334     3.0773   3.282632     0.0096     1.5776     0.3175     5.0820    34.9622    34.9434 0.0000e+00
   2704.000     3.0774   3.284146     3.0764   3.282490     0.0063     1.5775     0.3182     5.0866    34.9618    34.9432 0.0000e+00
   2703.000     3.0788   3.284273     3.0765   3.282493     0.0020     1.5770     0.3178     5.0766    34.9623    34.9436 0.0000e+00
   2702.000     3.0807   3.284446     3.0793   3.282736     0.0022     1.5769     0.3178     5.0855    34.9629    34.9440 0.0000e+00
   2701.000     3.0862   3.284932     3.0852   3.283248     0.0022     1.5770     0.3178     5.0875    34.9633    34.9443 0.0000e+00
   2700.000     3.0876   3.285001     3.0862   3.283317     0.0080     1.5771     0.3201     5.0850    34.9631    34.9445 0.0000e+00
   2699.000     3.0881   3.285014     3.0866   3.283310     0.0093     1.5770     0.3207     5.0836    34.9632    34.9444 0.0000e+00
   2698.000     3.0884   3.284990     3.0870   3.283306     0.0025     1.5769     0.3227     5.0848    34.9631    34.9444 0.0000e+00
   2697.000     3.0888   3.285006     3.0874   3.283307     0.0095     1.5773     0.3218     5.0881    34.9633    34.9445 0.0000e+00
   2696.000     3.0857   3.284671     3.0857   3.283089     0.0079     1.5776     0.3179     5.0892    34.9630    34.9442 0.0000e+00
   2695.000     3.0860   3.284665     3.0846   3.282958     0.0046     1.5777     0.3176     5.0888    34.9631    34.9442 0.0000e+00
   2694.000     3.0882   3.284846     3.0867   3.283127     0.0167     1.5781     0.3177     5.0847    34.9633    34.9445 0.0000e+00
   2693.000     3.0889   3.284885     3.0869   3.283123     0.0135     1.5781     0.3184     5.0895    34.9635    34.9447 0.0000e+00
   2692.000     3.0927   3.285203     3.0904   3.283420     0.0086     1.5783     0.3169     5.0891    34.9637    34.9449 0.0000e+00
   2691.000     3.0937   3.285264     3.0923   3.283566     0.0023     1.5785     0.3226     5.0827    34.9639    34.9452 0.0000e+00
   2690.000     3.0964   3.285520     3.0956   3.283874     0.0069     1.5784     0.3182     5.0840    34.9645    34.9457 0.0000e+00
   2689.000     3.0989   3.285709     3.0975   3.283986     0.0112     1.5787     0.3164     5.0863    34.9646    34.9456 0.0000e+00
   2688.000     3.0987   3.285638     3.0978   3.283980     0.0143     1.5787     0.3186     5.0866    34.9644    34.9457 0.0000e+00
