Analisis/Data/CTD/ra2012_25.cnv
* Sea-Bird SBE 9 Data File:
* FileName = C:\DATOSCAMPANA_CTD\19-RAPROCAN-VUCANA_1220\RAW\ra2012_25.hex
* Software Version Seasave V 7.26.7.107
* Temperature SN = 5842
* Conductivity SN = 4178
* Number of Bytes Per Scan = 44
* Number of Voltage Words = 4
* Number of Scans Averaged by the Deck Unit = 1
* NMEA Latitude = 29 10.00 N
* NMEA Longitude = 019 00.11 W
* NMEA UTC (Time) = Dec 10 2020  17:41:05
* NMEA baud rate = 4800
** **Ship: Ramon Margalef
** **Cruise: RAPROCAN-VULCANA_2020
** **Station: 25
** **Cast: 01
** **Latitude: 29:10.002
** **Longitude: -19:00.11
** **Depth: 4416
** **Date: 10/12/2020
** **Time: 17:37
# nquan = 12
# nvalues = 9020                        
# units = specified
# name 0 = prDM: Pressure, Digiquartz [db]
# name 1 = t090C: Temperature [ITS-90, deg C]
# name 2 = c0S/m: Conductivity [S/m]
# name 3 = t190C: Temperature, 2 [ITS-90, deg C]
# name 4 = c1S/m: Conductivity, 2 [S/m]
# name 5 = flECO-AFL: Fluorescence, WET Labs ECO-AFL/FL [mg/m^3]
# name 6 = sbeox0V: Oxygen raw, SBE 43 [V]
# name 7 = turbWETntu0: Turbidity, WET Labs ECO [NTU]
# name 8 = sbeox0ML/L: Oxygen, SBE 43 [ml/l], WS = 2
# name 9 = sal00: Salinity, Practical [PSU]
# name 10 = sal11: Salinity, Practical, 2 [PSU]
# name 11 = flag: flag
# span 0 =      4.000,   4514.000       
# span 1 =     2.3652,    21.3575       
# span 2 =   3.258280,   5.175199       
# span 3 =     2.3635,    21.3567       
# span 4 =   3.256590,   5.170555       
# span 5 =    -0.0204,     0.5252       
# span 6 =     1.3511,     2.7030       
# span 7 =     0.2861,     0.3594       
# span 8 =     3.5145,     5.2533       
# span 9 =    34.8803,    36.9510       
# span 10 =    34.8612,    36.9170      
# span 11 = 0.0000e+00, 0.0000e+00      
# interval = decibars: 1                
# start_time = Dec 10 2020 17:41:05 [NMEA time, first data scan]
# bad_flag = -9.990e-29
*END*
[from data line 5534]
   3489.000     2.5152   3.258944     2.5139   3.257253     0.0046     1.4778     0.2909     5.2233    34.9049    34.8860 0.0000e+00
   3488.000     2.5138   3.258762     2.5137   3.257179     0.0062     1.4783     0.2933     5.2208    34.9047    34.8858 0.0000e+00
   3487.000     2.5130   3.258666     2.5126   3.257048     0.0020     1.4784     0.2937     5.2105    34.9048    34.8859 0.0000e+00
   3486.000     2.5157   3.258887     2.5139   3.257143    -0.0032     1.4784     0.2972     5.2192    34.9051    34.8861 0.0000e+00
   3485.000     2.5149   3.258768     2.5137   3.257091    -0.0014     1.4786     0.2974     5.2143    34.9049    34.8860 0.0000e+00
   3484.000     2.5163   3.258870     2.5152   3.257202     0.0039     1.4784     0.2955     5.2105    34.9051    34.8862 0.0000e+00
   3483.000     2.5173   3.258934     2.5159   3.257224     0.0072     1.4786     0.2934     5.2218    34.9052    34.8862 0.0000e+00
   3482.000     2.5166   3.258828     2.5151   3.257100    -0.0003     1.4789     0.2942     5.2200    34.9051    34.8861 0.0000e+00
   3481.000     2.5165   3.258788     2.5150   3.257076     0.0100 -9.990e-29     0.2959 -9.990e-29    34.9052    34.8862 0.0000e+00
   3480.000     2.5172   3.258813     2.5160   3.257142     0.0053 -9.990e-29     0.2946 -9.990e-29    34.9052    34.8864 0.0000e+00
   3479.000     2.5174   3.258829     2.5163   3.257136     0.0016 -9.990e-29     0.2934 -9.990e-29    34.9056    34.8864 0.0000e+00
   3478.000     2.5195   3.258965     2.5180   3.257242    -0.0051 -9.990e-29     0.2934 -9.990e-29    34.9055    34.8864 0.0000e+00
   3477.000     2.5196   3.258941     2.5181   3.257225     0.0035     1.4796     0.2934     5.2265    34.9055    34.8865 0.0000e+00
   3476.000     2.5192   3.258862     2.5182   3.257206     0.0148     1.4798     0.2934     5.2173    34.9054    34.8866 0.0000e+00
   3475.000     2.5184   3.258738     2.5173   3.257066     0.0057     1.4799     0.2949     5.2180    34.9052    34.8863 0.0000e+00
   3474.000     2.5187   3.258742     2.5174   3.257037     0.0076     1.4801     0.2920     5.2161    34.9054    34.8863 0.0000e+00
   3473.000     2.5195   3.258773     2.5178   3.257049     0.0095     1.4802     0.2926     5.2146    34.9053    34.8864 0.0000e+00
   3472.000     2.5192   3.258726     2.5178   3.257018     0.0095     1.4803     0.2934     5.2152    34.9055    34.8865 0.0000e+00
   3471.000     2.5191   3.258675     2.5176   3.256949     0.0132     1.4804     0.2922     5.2163    34.9054    34.8864 0.0000e+00
   3470.000     2.5192   3.258645     2.5176   3.256935     0.0018     1.4807     0.2959     5.2157    34.9054    34.8866 0.0000e+00
   3469.000     2.5201   3.258688     2.5185   3.256981     0.0022     1.4806     0.2944     5.2121    34.9054    34.8866 0.0000e+00
   3468.000     2.5207   3.258746     2.5198   3.257071     0.0022     1.4806     0.2940     5.2148    34.9058    34.8868 0.0000e+00
   3467.000     2.5221   3.258821     2.5208   3.257121     0.0022     1.4807     0.2977     5.2168    34.9057    34.8868 0.0000e+00
   3466.000     2.5222   3.258786     2.5210   3.257112     0.0034     1.4810     0.2979     5.2194    34.9057    34.8869 0.0000e+00
   3465.000     2.5211   3.258649     2.5204   3.257005     0.0114     1.4811     0.2938     5.2216    34.9056    34.8867 0.0000e+00
   3464.000     2.5213   3.258650     2.5195   3.256910     0.0121 -9.990e-29     0.2902 -9.990e-29    34.9058    34.8869 0.0000e+00
   3463.000     2.5233   3.258813     2.5209   3.257019     0.0019 -9.990e-29     0.2935 -9.990e-29    34.9061    34.8871 0.0000e+00
   3462.000     2.5246   3.258880     2.5234   3.257210     0.0069 -9.990e-29     0.2922 -9.990e-29    34.9060    34.8873 0.0000e+00
   3461.000     2.5261   3.259011     2.5249   3.257301     0.0094 -9.990e-29     0.2911 -9.990e-29    34.9064    34.8872 0.0000e+00
   3460.000     2.5267   3.259023     2.5256   3.257345     0.0095     1.4819     0.2933     5.2188    34.9063    34.8874 0.0000e+00
   3459.000     2.5270   3.259013     2.5255   3.257293     0.0095     1.4818     0.2934     5.2124    34.9063    34.8873 0.0000e+00
   3458.000     2.5255   3.258840     2.5244   3.257152     0.0036     1.4822     0.2949     5.2189    34.9062    34.8872 0.0000e+00
   3457.000     2.5257   3.258816     2.5241   3.257092     0.0021     1.4825     0.2972     5.2136    34.9062    34.8873 0.0000e+00
   3456.000     2.5271   3.258933     2.5251   3.257162     0.0022     1.4827     0.2938     5.2155    34.9065    34.8875 0.0000e+00
   3455.000     2.5290   3.259082     2.5273   3.257344    -0.0004     1.4826     0.2927     5.2173    34.9068    34.8877 0.0000e+00
   3454.000     2.5306   3.259188     2.5292   3.257464    -0.0051     1.4828     0.2917     5.2195    34.9068    34.8876 0.0000e+00
   3453.000     2.5310   3.259179     2.5294   3.257451     0.0022     1.4829     0.2955     5.2191    34.9067    34.8877 0.0000e+00
   3452.000     2.5311   3.259152     2.5296   3.257448     0.0096     1.4831     0.2982     5.2163    34.9068    34.8879 0.0000e+00
   3451.000     2.5313   3.259142     2.5298   3.257429     0.0234     1.4832     0.2917     5.2154    34.9069    34.8879 0.0000e+00
   3450.000     2.5316   3.259145     2.5303   3.257431    -0.0011     1.4834     0.2909     5.2149    34.9069    34.8879 0.0000e+00
   3449.000     2.5314   3.259067     2.5298   3.257352     0.0092     1.4834     0.2869     5.2195    34.9067    34.8878 0.0000e+00
   3448.000     2.5306   3.258965     2.5290   3.257240     0.0055     1.4838     0.2942     5.2174    34.9067    34.8877 0.0000e+00
   3447.000     2.5303   3.258903     2.5290   3.257201    -0.0010 -9.990e-29     0.2907 -9.990e-29    34.9067    34.8878 0.0000e+00
   3446.000     2.5310   3.258951     2.5288   3.257154     0.0023 -9.990e-29     0.2912 -9.990e-29    34.9070    34.8878 0.0000e+00
   3445.000     2.5327   3.259071     2.5304   3.257274     0.0022 -9.990e-29     0.2946 -9.990e-29    34.9071    34.8880 0.0000e+00
   3444.000     2.5336   3.259113     2.5318   3.257382     0.0053     1.4843     0.2934     5.2088    34.9071    34.8882 0.0000e+00
   3443.000     2.5343   3.259149     2.5328   3.257433     0.0096     1.4844     0.2934     5.2129    34.9072    34.8882 0.0000e+00
   3442.000     2.5351   3.259185     2.5337   3.257485     0.0026     1.4844     0.2934     5.2123    34.9072    34.8884 0.0000e+00
   3441.000     2.5355   3.259192     2.5339   3.257475     0.0022     1.4843     0.2926     5.2170    34.9073    34.8884 0.0000e+00
   3440.000     2.5356   3.259165     2.5339   3.257447     0.0022     1.4847     0.2909     5.2218    34.9073    34.8885 0.0000e+00
   3439.000     2.5355   3.259131     2.5341   3.257410    -0.0034     1.4848     0.2927     5.2174    34.9074    34.8884 0.0000e+00
   3438.000     2.5351   3.259037     2.5339   3.257353    -0.0050     1.4850     0.2934     5.2193    34.9072    34.8882 0.0000e+00
   3437.000     2.5345   3.258966     2.5330   3.257229     0.0025     1.4851     0.2960     5.2091    34.9074    34.8882 0.0000e+00
   3436.000     2.5354   3.259003     2.5335   3.257263     0.0022     1.4851     0.2959     5.2182    34.9073    34.8885 0.0000e+00
   3435.000     2.5359   3.258998     2.5340   3.257265     0.0022     1.4854     0.2993     5.2211    34.9072    34.8884 0.0000e+00
   3434.000     2.5364   3.259030     2.5348   3.257305     0.0022     1.4855     0.3007     5.2198    34.9075    34.8885 0.0000e+00
   3433.000     2.5367   3.259011     2.5351   3.257297     0.0088     1.4857     0.3030     5.2189    34.9074    34.8886 0.0000e+00
   3432.000     2.5366   3.258985     2.5351   3.257266     0.0067     1.4859     0.3060     5.2236    34.9076    34.8886 0.0000e+00
   3431.000     2.5361   3.258896     2.5348   3.257195     0.0026     1.4863     0.3109     5.2183    34.9074    34.8885 0.0000e+00
   3430.000     2.5359   3.258841     2.5347   3.257141     0.0022     1.4865     0.3143     5.2220    34.9075    34.8884 0.0000e+00
   3429.000     2.5378   3.258988     2.5361   3.257256     0.0022     1.4868     0.3178     5.2185    34.9076    34.8887 0.0000e+00
   3428.000     2.5384   3.259029     2.5372   3.257332    -0.0042     1.4867     0.3201     5.2106    34.9079    34.8889 0.0000e+00
   3427.000     2.5407   3.259188     2.5392   3.257476     0.0019     1.4868     0.3194     5.2237    34.9078    34.8890 0.0000e+00
   3426.000     2.5411   3.259209     2.5397   3.257494     0.0078     1.4872     0.3191     5.2240    34.9081    34.8891 0.0000e+00
   3425.000     2.5418   3.259221     2.5403   3.257506     0.0025     1.4874     0.3226     5.2183    34.9080    34.8891 0.0000e+00
   3424.000     2.5420   3.259216     2.5403   3.257481     0.0096     1.4874     0.3180     5.2177    34.9081    34.8892 0.0000e+00
   3423.000     2.5421   3.259193     2.5405   3.257477     0.0095     1.4876     0.3178     5.2213    34.9081    34.8893 0.0000e+00
   3422.000     2.5423   3.259161     2.5410   3.257466     0.0050     1.4878     0.3178     5.2223    34.9080    34.8892 0.0000e+00
   3421.000     2.5402   3.258940     2.5394   3.257277     0.0082     1.4882     0.3178     5.2177    34.9080    34.8890 0.0000e+00
   3420.000     2.5420   3.259077     2.5403   3.257337     0.0068     1.4882     0.3175     5.2190    34.9082    34.8892 0.0000e+00
   3419.000     2.5422   3.259032     2.5406   3.257324     0.0021     1.4884     0.3155     5.2142    34.9079    34.8891 0.0000e+00
   3418.000     2.5426   3.259057     2.5411   3.257350     0.0022     1.4882     0.3159     5.2119    34.9082    34.8894 0.0000e+00
   3417.000     2.5435   3.259107     2.5418   3.257370     0.0022     1.4884     0.3157     5.2187    34.9083    34.8893 0.0000e+00
   3416.000     2.5436   3.259079     2.5420   3.257358     0.0022     1.4885     0.3155     5.2223    34.9082    34.8894 0.0000e+00
   3415.000     2.5430   3.258986     2.5418   3.257302    -0.0036     1.4887     0.3176     5.2165    34.9082    34.8893 0.0000e+00
   3414.000     2.5428   3.258940     2.5412   3.257197     0.0019     1.4889     0.3199     5.2166    34.9083    34.8892 0.0000e+00
   3413.000     2.5432   3.258938     2.5413   3.257193    -0.0051     1.4888     0.3178     5.2163    34.9083    34.8894 0.0000e+00
   3412.000     2.5438   3.258942     2.5418   3.257204    -0.0006     1.4892     0.3178     5.2179    34.9082    34.8894 0.0000e+00
   3411.000     2.5442   3.258960     2.5427   3.257245     0.0022     1.4890     0.3182     5.2172    34.9084    34.8895 0.0000e+00
   3410.000     2.5452   3.259028     2.5437   3.257313     0.0022     1.4893     0.3203     5.2185    34.9086    34.8896 0.0000e+00
   3409.000     2.5459   3.259053     2.5444   3.257337     0.0082     1.4893     0.3185     5.2106    34.9086    34.8897 0.0000e+00
   3408.000     2.5461   3.259044     2.5444   3.257292     0.0037     1.4895     0.3178     5.2237    34.9087    34.8896 0.0000e+00
   3407.000     2.5463   3.259028     2.5446   3.257292    -0.0033     1.4897     0.3197     5.2191    34.9088    34.8897 0.0000e+00
   3406.000     2.5464   3.258996     2.5448   3.257282     0.0007     1.4901     0.3172     5.2160    34.9087    34.8898 0.0000e+00
   3405.000     2.5471   3.259034     2.5453   3.257293     0.0022     1.4900     0.3178     5.2253    34.9088    34.8898 0.0000e+00
   3404.000     2.5477   3.259051     2.5461   3.257324     0.0022     1.4905     0.3176     5.2175    34.9088    34.8899 0.0000e+00
   3403.000     2.5485   3.259087     2.5470   3.257373     0.0082     1.4905     0.3178     5.2183    34.9089    34.8900 0.0000e+00
   3402.000     2.5492   3.259133     2.5483   3.257469     0.0044     1.4907     0.3170     5.2222    34.9091    34.8902 0.0000e+00
   3401.000     2.5502   3.259183     2.5488   3.257471     0.0071     1.4910     0.3156     5.2224    34.9091    34.8901 0.0000e+00
   3400.000     2.5507   3.259178     2.5490   3.257452     0.0006     1.4911     0.3188     5.2165    34.9090    34.8901 0.0000e+00
   3399.000     2.5506   3.259140     2.5490   3.257408     0.0022     1.4911     0.3180     5.2133    34.9090    34.8900 0.0000e+00
   3398.000     2.5507   3.259123     2.5491   3.257400     0.0097     1.4911     0.3153     5.2079    34.9092    34.8902 0.0000e+00
   3397.000     2.5511   3.259129     2.5496   3.257412     0.0095     1.4910     0.3154     5.2137    34.9092    34.8902 0.0000e+00
   3396.000     2.5515   3.259121     2.5502   3.257422     0.0035     1.4911     0.3175     5.2192    34.9092    34.8902 0.0000e+00
   3395.000     2.5520   3.259136     2.5506   3.257422     0.0022 -9.990e-29     0.3178 -9.990e-29    34.9093    34.8902 0.0000e+00
   3394.000     2.5518   3.259095     2.5505   3.257383     0.0022 -9.990e-29     0.3178 -9.990e-29    34.9094    34.8903 0.0000e+00
   3393.000     2.5507   3.258943     2.5495   3.257246     0.0028     1.4914     0.3173     5.2111    34.9092    34.8901 0.0000e+00
   3392.000     2.5502   3.258856     2.5489   3.257166     0.0094     1.4914     0.3152     5.2104    34.9091    34.8903 0.0000e+00
   3391.000     2.5516   3.258967     2.5504   3.257273     0.0020     1.4914     0.3166     5.2076    34.9094    34.8903 0.0000e+00
   3390.000     2.5526   3.259040     2.5513   3.257336     0.0022     1.4913     0.3154     5.2066    34.9097    34.8906 0.0000e+00
   3389.000     2.5553   3.259253     2.5541   3.257540     0.0022     1.4913     0.3154     5.2132    34.9097    34.8905 0.0000e+00
   3388.000     2.5562   3.259274     2.5547   3.257573     0.0022     1.4914     0.3174     5.2145    34.9096    34.8907 0.0000e+00
   3387.000     2.5565   3.259283     2.5554   3.257601     0.0022     1.4916     0.3178     5.2123    34.9097    34.8908 0.0000e+00
   3386.000     2.5573   3.259323     2.5559   3.257615     0.0022     1.4915     0.3173     5.2173    34.9098    34.8909 0.0000e+00
   3385.000     2.5556   3.259128     2.5540   3.257396     0.0022     1.4922     0.3170     5.2187    34.9097    34.8906 0.0000e+00
   3384.000     2.5552   3.259059     2.5536   3.257330     0.0081     1.4924     0.3179     5.2152    34.9097    34.8908 0.0000e+00
   3383.000     2.5579   3.259296     2.5575   3.257663     0.0022 -9.990e-29     0.3181 -9.990e-29    34.9102    34.8910 0.0000e+00
   3382.000     2.5571   3.259156     2.5570   3.257572     0.0022 -9.990e-29 -9.990e-29 -9.990e-29    34.9097    34.8909 0.0000e+00
   3381.000     2.5582   3.259260     2.5584   3.257700     0.0009 -9.990e-29 -9.990e-29 -9.990e-29    34.9103    34.8914 0.0000e+00
   3380.000     2.5616   3.259523     2.5602   3.257829    -0.0053 -9.990e-29     0.3180 -9.990e-29    34.9103    34.8915 0.0000e+00
   3379.000     2.5622   3.259542     2.5608   3.257848     0.0066     1.4928     0.3159     5.2056    34.9103    34.8915 0.0000e+00
   3378.000     2.5626   3.259551     2.5610   3.257825     0.0069     1.4930     0.3157     5.2121    34.9104    34.8915 0.0000e+00
   3377.000     2.5627   3.259517     2.5610   3.257788     0.0023     1.4931     0.3162     5.2111    34.9104    34.8914 0.0000e+00
   3376.000     2.5626   3.259487     2.5610   3.257754     0.0086     1.4932     0.3198     5.2160    34.9106    34.8915 0.0000e+00
   3375.000     2.5617   3.259354     2.5597   3.257582     0.0023     1.4936     0.3157     5.2141    34.9103    34.8912 0.0000e+00
   3374.000     2.5619   3.259354     2.5600   3.257603     0.0022     1.4939     0.3157     5.2034    34.9105    34.8916 0.0000e+00
   3373.000     2.5631   3.259407     2.5617   3.257719     0.0022     1.4933     0.3178     5.2049    34.9104    34.8917 0.0000e+00
   3372.000     2.5640   3.259467     2.5629   3.257781     0.0022     1.4939     0.3178     5.2180    34.9106    34.8916 0.0000e+00
   3371.000     2.5647   3.259508     2.5635   3.257801     0.0026     1.4938     0.3178     5.2186    34.9107    34.8916 0.0000e+00
   3370.000     2.5653   3.259529     2.5642   3.257836     0.0089     1.4941     0.3178     5.2153    34.9108    34.8917 0.0000e+00
