Analisis/Data/CTD/ra2012_25.cnv
* Sea-Bird SBE 9 Data File:
* FileName = C:\DATOSCAMPANA_CTD\19-RAPROCAN-VUCANA_1220\RAW\ra2012_25.hex
* Software Version Seasave V 7.26.7.107
* Temperature SN = 5842
* Conductivity SN = 4178
* Number of Bytes Per Scan = 44
* Number of Voltage Words = 4
* Number of Scans Averaged by the Deck Unit = 1
* NMEA Latitude = 29 10.00 N
* NMEA Longitude = 019 00.11 W
* NMEA UTC (Time) = Dec 10 2020  17:41:05
* NMEA baud rate = 4800
** **Ship: Ramon Margalef
** **Cruise: RAPROCAN-VULCANA_2020
** **Station: 25
** **Cast: 01
** **Latitude: 29:10.002
** **Longitude: -19:00.11
** **Depth: 4416
** **Date: 10/12/2020
** **Time: 17:37
# nquan = 12
# nvalues = 9020                        
# units = specified
# name 0 = prDM: Pressure, Digiquartz [db]
# name 1 = t090C: Temperature [ITS-90, deg C]
# name 2 = c0S/m: Conductivity [S/m]
# name 3 = t190C: Temperature, 2 [ITS-90, deg C]
# name 4 = c1S/m: Conductivity, 2 [S/m]
# name 5 = flECO-AFL: Fluorescence, WET Labs ECO-AFL/FL [mg/m^3]
# name 6 = sbeox0V: Oxygen raw, SBE 43 [V]
# name 7 = turbWETntu0: Turbidity, WET Labs ECO [NTU]
# name 8 = sbeox0ML/L: Oxygen, SBE 43 [ml/l], WS = 2
# name 9 = sal00: Salinity, Practical [PSU]
# name 10 = sal11: Salinity, Practical, 2 [PSU]
# name 11 = flag: flag
# span 0 =      4.000,   4514.000       
# span 1 =     2.3652,    21.3575       
# span 2 =   3.258280,   5.175199       
# span 3 =     2.3635,    21.3567       
# span 4 =   3.256590,   5.170555       
# span 5 =    -0.0204,     0.5252       
# span 6 =     1.3511,     2.7030       
# span 7 =     0.2861,     0.3594       
# span 8 =     3.5145,     5.2533       
# span 9 =    34.8803,    36.9510       
# span 10 =    34.8612,    36.9170      
# span 11 = 0.0000e+00, 0.0000e+00      
# interval = decibars: 1                
# start_time = Dec 10 2020 17:41:05 [NMEA time, first data scan]
# bad_flag = -9.990e-29
*END*
[from data line 4091]
   4096.000     2.3714   3.265966     2.3697   3.264161     0.0041     1.4015     0.3022     5.2314    34.8843    34.8645 0.0000e+00
   4097.000     2.3715   3.266013     2.3698   3.264213     0.0095     1.4014     0.3031     5.2171    34.8844    34.8646 0.0000e+00
   4098.000     2.3715   3.266046     2.3699   3.264251     0.0069     1.4010     0.3031     5.2243    34.8843    34.8646 0.0000e+00
   4099.000     2.3715   3.266073     2.3697   3.264272     0.0039     1.4011     0.3040     5.2369    34.8843    34.8646 0.0000e+00
   4100.000     2.3713   3.266084     2.3696   3.264285     0.0176     1.4011     0.3060     5.2236    34.8842    34.8645 0.0000e+00
   4101.000     2.3707   3.266057     2.3690   3.264260     0.0206     1.4007     0.3040     5.2259    34.8841    34.8644 0.0000e+00
   4102.000     2.3699   3.266022     2.3682   3.264230     0.0046     1.4008     0.3075     5.2348    34.8841    34.8644 0.0000e+00
   4103.000     2.3700   3.266056     2.3683   3.264262     0.0242     1.4008     0.3030     5.2237    34.8840    34.8643 0.0000e+00
   4104.000     2.3699   3.266080     2.3682   3.264282     0.0100     1.4004     0.3031     5.2210    34.8840    34.8643 0.0000e+00
   4105.000     2.3697   3.266087     2.3679   3.264290     0.0095     1.4002     0.3014     5.2352    34.8839    34.8642 0.0000e+00
   4106.000     2.3695   3.266117     2.3678   3.264319     0.0095     1.4005     0.3007     5.2279    34.8840    34.8643 0.0000e+00
   4107.000     2.3694   3.266133     2.3677   3.264345     0.0020     1.4000     0.3034     5.2155    34.8839    34.8643 0.0000e+00
   4108.000     2.3691   3.266139     2.3673   3.264352    -0.0015     1.3998     0.3056     5.2295    34.8839    34.8643 0.0000e+00
   4109.000     2.3689   3.266169     2.3673   3.264369     0.0055     1.3999     0.3056     5.2335    34.8840    34.8642 0.0000e+00
   4110.000     2.3690   3.266197     2.3673   3.264409     0.0064     1.3997     0.3046     5.2232    34.8838    34.8643 0.0000e+00
   4111.000     2.3691   3.266233     2.3673   3.264440     0.0052     1.3996     0.3042     5.2277    34.8838    34.8642 0.0000e+00
   4112.000     2.3686   3.266221     2.3670   3.264430     0.0054     1.3994     0.3056     5.2233    34.8837    34.8640 0.0000e+00
   4113.000     2.3684   3.266244     2.3667   3.264441    -0.0026     1.3991     0.3056     5.2228    34.8838    34.8640 0.0000e+00
   4114.000     2.3686   3.266293     2.3669   3.264497     0.0002     1.3991     0.3031     5.2376    34.8838    34.8641 0.0000e+00
   4115.000     2.3685   3.266312     2.3668   3.264512     0.0095     1.3993     0.2986     5.2307    34.8837    34.8640 0.0000e+00
   4116.000     2.3683   3.266326     2.3665   3.264527    -0.0100     1.3991     0.3028     5.2182    34.8837    34.8640 0.0000e+00
   4117.000     2.3682   3.266365     2.3665   3.264563    -0.0041     1.3987     0.3031     5.2091    34.8838    34.8641 0.0000e+00
   4118.000     2.3681   3.266375     2.3664   3.264580     0.0055     1.3982     0.3031     5.2221    34.8837    34.8640 0.0000e+00
   4119.000     2.3681   3.266405     2.3664   3.264613     0.0019     1.3982     0.3016     5.2309    34.8836    34.8640 0.0000e+00
   4120.000     2.3683   3.266466     2.3666   3.264670     0.0022     1.3983     0.3031     5.2349    34.8837    34.8640 0.0000e+00
   4121.000     2.3684   3.266519     2.3666   3.264716     0.0022 -9.990e-29     0.3014 -9.990e-29    34.8838    34.8641 0.0000e+00
   4122.000     2.3685   3.266545     2.3667   3.264739     0.0050 -9.990e-29     0.3018 -9.990e-29    34.8836    34.8639 0.0000e+00
   4123.000     2.3681   3.266542     2.3664   3.264756     0.0088 -9.990e-29     0.3031 -9.990e-29    34.8836    34.8640 0.0000e+00
   4124.000     2.3681   3.266573     2.3664   3.264782     0.0022 -9.990e-29     0.3014 -9.990e-29    34.8836    34.8639 0.0000e+00
   4125.000     2.3681   3.266611     2.3663   3.264816     0.0091     1.3983     0.3076     5.1917    34.8835    34.8640 0.0000e+00
   4126.000     2.3680   3.266637     2.3663   3.264842     0.0029     1.3977     0.3017     5.2134    34.8836    34.8639 0.0000e+00
   4127.000     2.3679   3.266652     2.3663   3.264866    -0.0037     1.3976     0.3078     5.2241    34.8835    34.8638 0.0000e+00
   4128.000     2.3680   3.266698     2.3663   3.264902     0.0032     1.3973     0.3054     5.2266    34.8835    34.8638 0.0000e+00
   4129.000     2.3682   3.266745     2.3664   3.264953     0.0096     1.3974     0.3032     5.2319    34.8834    34.8639 0.0000e+00
   4130.000     2.3682   3.266780     2.3664   3.264990     0.0030     1.3972     0.3056     5.2253    34.8835    34.8640 0.0000e+00
   4131.000     2.3681   3.266816     2.3664   3.265009     0.0022     1.3973     0.3037     5.2314    34.8835    34.8638 0.0000e+00
   4132.000     2.3680   3.266833     2.3663   3.265040     0.0032     1.3971     0.3014     5.2194    34.8835    34.8638 0.0000e+00
   4133.000     2.3679   3.266859     2.3663   3.265071     0.0070     1.3967     0.3031     5.2186    34.8835    34.8638 0.0000e+00
   4134.000     2.3679   3.266888     2.3663   3.265106    -0.0051     1.3964     0.3031     5.2335    34.8834    34.8638 0.0000e+00
   4135.000     2.3680   3.266930     2.3663   3.265134    -0.0024     1.3967     0.3029     5.2301    34.8834    34.8637 0.0000e+00
   4136.000     2.3681   3.266975     2.3664   3.265180     0.0073     1.3964     0.3013     5.2161    34.8834    34.8638 0.0000e+00
   4137.000     2.3680   3.266988     2.3663   3.265204    -0.0047     1.3962     0.3031     5.2309    34.8833    34.8638 0.0000e+00
   4138.000     2.3677   3.267005     2.3659   3.265206     0.0027     1.3961     0.3007     5.2192    34.8834    34.8637 0.0000e+00
   4139.000     2.3677   3.267029     2.3659   3.265226     0.0166     1.3959     0.3007     5.2265    34.8833    34.8636 0.0000e+00
   4140.000     2.3676   3.267056     2.3658   3.265255     0.0054     1.3959     0.3025     5.2331    34.8832    34.8636 0.0000e+00
   4141.000     2.3676   3.267084     2.3657   3.265287     0.0023     1.3960     0.3015     5.2345    34.8832    34.8637 0.0000e+00
   4142.000     2.3676   3.267117     2.3658   3.265325    -0.0030     1.3960     0.3048     5.2164    34.8832    34.8636 0.0000e+00
   4143.000     2.3678   3.267193     2.3661   3.265385    -0.0051     1.3952     0.3056     5.2182    34.8834    34.8636 0.0000e+00
   4144.000     2.3679   3.267234     2.3663   3.265432    -0.0051     1.3955     0.3056     5.2361    34.8835    34.8636 0.0000e+00
   4145.000     2.3682   3.267279     2.3664   3.265474    -0.0049     1.3955     0.3056     5.2280    34.8833    34.8636 0.0000e+00
   4146.000     2.3681   3.267314     2.3664   3.265512     0.0020     1.3953     0.3012     5.2146    34.8834    34.8636 0.0000e+00
   4147.000     2.3683   3.267362     2.3665   3.265555     0.0074     1.3948     0.3025     5.2046    34.8834    34.8636 0.0000e+00
   4148.000     2.3686   3.267427     2.3669   3.265630     0.0038 -9.990e-29     0.3018 -9.990e-29    34.8834    34.8637 0.0000e+00
   4149.000     2.3687   3.267465     2.3670   3.265673     0.0032 -9.990e-29     0.3052 -9.990e-29    34.8833    34.8637 0.0000e+00
   4150.000     2.3687   3.267494     2.3670   3.265700     0.0095 -9.990e-29     0.3010 -9.990e-29    34.8832    34.8636 0.0000e+00
   4151.000     2.3686   3.267518     2.3668   3.265717     0.0095     1.3949     0.3031     5.2098    34.8833    34.8637 0.0000e+00
   4152.000     2.3685   3.267537     2.3667   3.265736     0.0037     1.3944     0.3053     5.2171    34.8832    34.8635 0.0000e+00
   4153.000     2.3685   3.267585     2.3669   3.265786    -0.0016     1.3943     0.3044     5.2256    34.8833    34.8635 0.0000e+00
   4154.000     2.3685   3.267612     2.3668   3.265824    -0.0051     1.3941     0.3042     5.2178    34.8833    34.8637 0.0000e+00
   4155.000     2.3683   3.267636     2.3667   3.265841    -0.0044     1.3940     0.3079     5.2272    34.8833    34.8636 0.0000e+00
   4156.000     2.3681   3.267637     2.3664   3.265836     0.0085     1.3940     0.3054     5.2243    34.8832    34.8634 0.0000e+00
   4157.000     2.3682   3.267686     2.3665   3.265880     0.0029 -9.990e-29     0.3015 -9.990e-29    34.8832    34.8634 0.0000e+00
   4158.000     2.3683   3.267741     2.3666   3.265934     0.0093 -9.990e-29     0.3056 -9.990e-29    34.8833    34.8635 0.0000e+00
   4159.000     2.3686   3.267785     2.3668   3.265985     0.0021 -9.990e-29     0.3009 -9.990e-29    34.8832    34.8635 0.0000e+00
   4160.000     2.3687   3.267833     2.3669   3.266028     0.0084     1.3930     0.3051     5.2533    34.8832    34.8635 0.0000e+00
   4161.000     2.3686   3.267849     2.3669   3.266055     0.0143     1.3934     0.3041     5.2294    34.8832    34.8635 0.0000e+00
   4162.000     2.3686   3.267884     2.3669   3.266086     0.0105     1.3931     0.3046     5.2229    34.8831    34.8635 0.0000e+00
   4163.000     2.3686   3.267913     2.3669   3.266121     0.0051     1.3930     0.3056     5.2220    34.8831    34.8635 0.0000e+00
   4164.000     2.3685   3.267937     2.3667   3.266138     0.0058     1.3926     0.3033     5.2154    34.8831    34.8635 0.0000e+00
   4165.000     2.3685   3.267976     2.3668   3.266182     0.0021     1.3924     0.3023     5.2267    34.8831    34.8634 0.0000e+00
   4166.000     2.3685   3.268015     2.3667   3.266213    -0.0024     1.3924     0.3048     5.2306    34.8832    34.8635 0.0000e+00
   4167.000     2.3686   3.268050     2.3668   3.266251    -0.0016     1.3925     0.3045     5.2328    34.8831    34.8634 0.0000e+00
   4168.000     2.3686   3.268080     2.3669   3.266292     0.0022     1.3925     0.3031     5.2293    34.8830    34.8635 0.0000e+00
   4169.000     2.3686   3.268122     2.3669   3.266327     0.0022     1.3924     0.3031     5.2211    34.8831    34.8634 0.0000e+00
   4170.000     2.3687   3.268162     2.3670   3.266361     0.0022     1.3922     0.3031     5.2247    34.8831    34.8634 0.0000e+00
   4171.000     2.3688   3.268210     2.3670   3.266400     0.0022     1.3921     0.3031     5.2313    34.8832    34.8634 0.0000e+00
   4172.000     2.3686   3.268210     2.3668   3.266419     0.0070     1.3922     0.3049     5.2229    34.8830    34.8634 0.0000e+00
   4173.000     2.3686   3.268249     2.3669   3.266448     0.0078     1.3918     0.3055     5.2080    34.8830    34.8633 0.0000e+00
   4174.000     2.3686   3.268269     2.3669   3.266482     0.0022     1.3913     0.3032     5.2162    34.8828    34.8633 0.0000e+00
   4175.000     2.3683   3.268284     2.3666   3.266488     0.0022     1.3913     0.3031     5.2279    34.8829    34.8632 0.0000e+00
   4176.000     2.3685   3.268320     2.3666   3.266531     0.0088     1.3911     0.3031     5.2236    34.8828    34.8633 0.0000e+00
   4177.000     2.3687   3.268391     2.3669   3.266596     0.0079     1.3913     0.3031     5.2335    34.8830    34.8634 0.0000e+00
   4178.000     2.3689   3.268455     2.3672   3.266647     0.0021     1.3911     0.3031     5.2250    34.8831    34.8633 0.0000e+00
   4179.000     2.3691   3.268492     2.3673   3.266688     0.0022     1.3910     0.3031     5.2215    34.8829    34.8633 0.0000e+00
   4180.000     2.3691   3.268527     2.3671   3.266723     0.0022     1.3910     0.3032     5.2144    34.8830    34.8634 0.0000e+00
   4181.000     2.3686   3.268507     2.3668   3.266710    -0.0091     1.3905     0.3055     5.2207    34.8829    34.8632 0.0000e+00
   4182.000     2.3677   3.268458     2.3660   3.266669    -0.0057     1.3907     0.3026     5.2238    34.8827    34.8631 0.0000e+00
   4183.000     2.3674   3.268463     2.3658   3.266672    -0.0008     1.3903     0.2996     5.2181    34.8827    34.8630 0.0000e+00
   4184.000     2.3674   3.268499     2.3657   3.266701    -0.0051     1.3901     0.3022     5.2225    34.8828    34.8631 0.0000e+00
   4185.000     2.3671   3.268484     2.3653   3.266702    -0.0051     1.3901     0.3046     5.2250    34.8825    34.8631 0.0000e+00
   4186.000     2.3668   3.268494     2.3651   3.266702     0.0076     1.3899     0.3040     5.2228    34.8825    34.8629 0.0000e+00
   4187.000     2.3666   3.268518     2.3649   3.266716     0.0158     1.3895     0.3055     5.2242    34.8826    34.8629 0.0000e+00
   4188.000     2.3669   3.268579     2.3652   3.266783     0.0023     1.3899     0.3011     5.2279    34.8827    34.8629 0.0000e+00
   4189.000     2.3671   3.268622     2.3652   3.266825     0.0118     1.3895     0.3063     5.2095    34.8825    34.8630 0.0000e+00
   4190.000     2.3669   3.268640     2.3651   3.266844     0.0158     1.3891     0.3077     5.2178    34.8826    34.8629 0.0000e+00
   4191.000     2.3666   3.268654     2.3648   3.266838     0.0024     1.3893     0.3011     5.2313    34.8826    34.8628 0.0000e+00
   4192.000     2.3663   3.268658     2.3646   3.266855     0.0065     1.3894     0.3050     5.2256    34.8825    34.8628 0.0000e+00
   4193.000     2.3662   3.268681     2.3645   3.266883     0.0094     1.3890     0.3063     5.2178    34.8825    34.8628 0.0000e+00
   4194.000     2.3661   3.268697     2.3644   3.266906     0.0067     1.3890     0.3031     5.2254    34.8824    34.8628 0.0000e+00
   4195.000     2.3661   3.268725     2.3643   3.266929    -0.0011     1.3889     0.3031     5.2236    34.8823    34.8627 0.0000e+00
   4196.000     2.3660   3.268751     2.3643   3.266959     0.0042     1.3885     0.3031     5.2113    34.8824    34.8627 0.0000e+00
   4197.000     2.3660   3.268784     2.3643   3.266991     0.0041     1.3881     0.3031     5.2236    34.8824    34.8627 0.0000e+00
   4198.000     2.3663   3.268839     2.3644   3.267045     0.0079     1.3882     0.3034     5.2270    34.8823    34.8628 0.0000e+00
   4199.000     2.3664   3.268894     2.3647   3.267094     0.0095     1.3881     0.3031     5.2208    34.8824    34.8627 0.0000e+00
   4200.000     2.3666   3.268944     2.3648   3.267146     0.0073     1.3881     0.3041     5.2213    34.8824    34.8628 0.0000e+00
   4201.000     2.3663   3.268954     2.3646   3.267152    -0.0050     1.3879     0.3081     5.2223    34.8824    34.8627 0.0000e+00
   4202.000     2.3663   3.268978     2.3646   3.267181     0.0059     1.3879     0.3044     5.2179    34.8823    34.8626 0.0000e+00
   4203.000     2.3663   3.269012     2.3646   3.267223     0.0040     1.3875     0.3051     5.2183    34.8823    34.8627 0.0000e+00
   4204.000     2.3664   3.269062     2.3647   3.267261     0.0089     1.3874     0.3032     5.2176    34.8824    34.8627 0.0000e+00
   4205.000     2.3665   3.269106     2.3648   3.267304     0.0020     1.3871     0.3031     5.2280    34.8824    34.8626 0.0000e+00
   4206.000     2.3668   3.269157     2.3649   3.267346     0.0022     1.3873     0.3051     5.2237    34.8823    34.8626 0.0000e+00
   4207.000     2.3668   3.269199     2.3650   3.267392     0.0046     1.3871     0.3055     5.2299    34.8824    34.8626 0.0000e+00
   4208.000     2.3668   3.269232     2.3650   3.267429     0.0080     1.3873     0.3037     5.2230    34.8824    34.8627 0.0000e+00
   4209.000     2.3668   3.269261     2.3651   3.267465    -0.0048     1.3869     0.3058     5.2097    34.8823    34.8627 0.0000e+00
   4210.000     2.3669   3.269289     2.3651   3.267502    -0.0040     1.3867     0.3080     5.2256    34.8822    34.8626 0.0000e+00
   4211.000     2.3669   3.269328     2.3652   3.267542     0.0102     1.3867     0.3064     5.2262    34.8822    34.8626 0.0000e+00
   4212.000     2.3669   3.269373     2.3652   3.267581     0.0127     1.3866     0.3060     5.2215    34.8823    34.8626 0.0000e+00
   4213.000     2.3671   3.269421     2.3653   3.267625     0.0019     1.3865     0.3026     5.2237    34.8823    34.8627 0.0000e+00
   4214.000     2.3672   3.269466     2.3655   3.267667     0.0043     1.3864     0.3051     5.2120    34.8823    34.8626 0.0000e+00
