Analisis/Data/CTD/ra2012_25.cnv
* Sea-Bird SBE 9 Data File:
* FileName = C:\DATOSCAMPANA_CTD\19-RAPROCAN-VUCANA_1220\RAW\ra2012_25.hex
* Software Version Seasave V 7.26.7.107
* Temperature SN = 5842
* Conductivity SN = 4178
* Number of Bytes Per Scan = 44
* Number of Voltage Words = 4
* Number of Scans Averaged by the Deck Unit = 1
* NMEA Latitude = 29 10.00 N
* NMEA Longitude = 019 00.11 W
* NMEA UTC (Time) = Dec 10 2020  17:41:05
* NMEA baud rate = 4800
** **Ship: Ramon Margalef
** **Cruise: RAPROCAN-VULCANA_2020
** **Station: 25
** **Cast: 01
** **Latitude: 29:10.002
** **Longitude: -19:00.11
** **Depth: 4416
** **Date: 10/12/2020
** **Time: 17:37
# nquan = 12
# nvalues = 9020                        
# units = specified
# name 0 = prDM: Pressure, Digiquartz [db]
# name 1 = t090C: Temperature [ITS-90, deg C]
# name 2 = c0S/m: Conductivity [S/m]
# name 3 = t190C: Temperature, 2 [ITS-90, deg C]
# name 4 = c1S/m: Conductivity, 2 [S/m]
# name 5 = flECO-AFL: Fluorescence, WET Labs ECO-AFL/FL [mg/m^3]
# name 6 = sbeox0V: Oxygen raw, SBE 43 [V]
# name 7 = turbWETntu0: Turbidity, WET Labs ECO [NTU]
# name 8 = sbeox0ML/L: Oxygen, SBE 43 [ml/l], WS = 2
# name 9 = sal00: Salinity, Practical [PSU]
# name 10 = sal11: Salinity, Practical, 2 [PSU]
# name 11 = flag: flag
# span 0 =      4.000,   4514.000       
# span 1 =     2.3652,    21.3575       
# span 2 =   3.258280,   5.175199       
# span 3 =     2.3635,    21.3567       
# span 4 =   3.256590,   5.170555       
# span 5 =    -0.0204,     0.5252       
# span 6 =     1.3511,     2.7030       
# span 7 =     0.2861,     0.3594       
# span 8 =     3.5145,     5.2533       
# span 9 =    34.8803,    36.9510       
# span 10 =    34.8612,    36.9170      
# span 11 = 0.0000e+00, 0.0000e+00      
# interval = decibars: 1                
# start_time = Dec 10 2020 17:41:05 [NMEA time, first data scan]
# bad_flag = -9.990e-29
*END*
[from data line 2286]
   2291.000     3.6543   3.325042     3.6526   3.323208     0.0023     1.6662     0.3056     5.1235    35.0286    35.0089 0.0000e+00
   2292.000     3.6531   3.324962     3.6513   3.323122     0.0077     1.6660     0.3083     5.1208    35.0285    35.0088 0.0000e+00
   2293.000     3.6504   3.324707     3.6486   3.322882     0.0032     1.6657     0.3061     5.1236    35.0278    35.0084 0.0000e+00
   2294.000     3.6446   3.324179     3.6427   3.322356     0.0022     1.6656     0.3045     5.1267    35.0273    35.0079 0.0000e+00
   2295.000     3.6411   3.323876     3.6392   3.322048     0.0034     1.6655     0.3031     5.1236    35.0270    35.0075 0.0000e+00
   2296.000     3.6396   3.323784     3.6378   3.321956     0.0095     1.6652     0.3032     5.1214    35.0269    35.0073 0.0000e+00
   2297.000     3.6380   3.323653     3.6363   3.321823     0.0033     1.6650     0.3055     5.1241    35.0266    35.0070 0.0000e+00
   2298.000     3.6338   3.323255     3.6320   3.321440     0.0060     1.6649     0.3056     5.1239    35.0259    35.0065 0.0000e+00
   2299.000     3.6297   3.322903     3.6277   3.321072     0.0094     1.6645     0.3067     5.1224    35.0257    35.0061 0.0000e+00
   2300.000     3.6286   3.322844     3.6268   3.321020     0.0066     1.6644     0.3064     5.1252    35.0256    35.0060 0.0000e+00
   2301.000     3.6271   3.322733     3.6251   3.320885    -0.0025     1.6640     0.3020     5.1250    35.0254    35.0057 0.0000e+00
   2302.000     3.6230   3.322363     3.6212   3.320536     0.0158     1.6639     0.3059     5.1310    35.0249    35.0053 0.0000e+00
   2303.000     3.6199   3.322102     3.6182   3.320286     0.0094     1.6641     0.3080     5.1277    35.0246    35.0050 0.0000e+00
   2304.000     3.6178   3.321926     3.6160   3.320117     0.0095     1.6638     0.3022     5.1222    35.0243    35.0049 0.0000e+00
   2305.000     3.6157   3.321750     3.6138   3.319933     0.0055     1.6633     0.3007     5.1251    35.0239    35.0046 0.0000e+00
   2306.000     3.6135   3.321574     3.6116   3.319750     0.0028     1.6634     0.3010     5.1275    35.0237    35.0043 0.0000e+00
   2307.000     3.6120   3.321477     3.6103   3.319669     0.0165     1.6632     0.3036     5.1228    35.0237    35.0042 0.0000e+00
   2308.000     3.6107   3.321385     3.6088   3.319555     0.0059     1.6629     0.3015     5.1291    35.0235    35.0039 0.0000e+00
   2309.000     3.6090   3.321260     3.6071   3.319423     0.0089     1.6628     0.3030     5.1200    35.0234    35.0037 0.0000e+00
   2310.000     3.6078   3.321184     3.6059   3.319349 -9.990e-29     1.6618     0.3031     5.1175    35.0232    35.0037 0.0000e+00
   2311.000     3.6069   3.321133     3.6049   3.319298 -9.990e-29     1.6618     0.3031     5.1261    35.0232    35.0036 0.0000e+00
   2312.000     3.6063   3.321114     3.6044   3.319280 -9.990e-29     1.6616     0.3045     5.1185    35.0231    35.0035 0.0000e+00
   2313.000     3.6040   3.320929     3.6022   3.319102     0.0025     1.6610     0.3043     5.1198    35.0229    35.0032 0.0000e+00
   2314.000     3.6038   3.320954     3.6020   3.319126     0.0022     1.6605     0.3031     5.1162    35.0229    35.0033 0.0000e+00
   2315.000     3.6038   3.320994     3.6021   3.319170     0.0022     1.6603     0.3015     5.1224    35.0229    35.0032 0.0000e+00
   2316.000     3.6030   3.320953     3.6013   3.319138     0.0055     1.6602     0.3023     5.1294    35.0228    35.0032 0.0000e+00
   2317.000     3.6018   3.320869     3.6000   3.319044     0.0073     1.6605     0.3031     5.1252    35.0226    35.0030 0.0000e+00
   2318.000     3.5988   3.320605     3.5971   3.318789     0.0014     1.6602     0.3033     5.1232    35.0222    35.0027 0.0000e+00
   2319.000     3.5955   3.320331     3.5937   3.318495     0.0153     1.6598     0.3056     5.1237    35.0220    35.0023 0.0000e+00
   2320.000     3.5930   3.320112     3.5912   3.318293     0.0005     1.6597     0.3076     5.1262    35.0216    35.0021 0.0000e+00
   2321.000     3.5901   3.319870     3.5882   3.318036    -0.0052     1.6597     0.3080     5.1281    35.0213    35.0017 0.0000e+00
   2322.000     3.5867   3.319570     3.5849   3.317761    -0.0051     1.6596     0.3069     5.1276    35.0208    35.0014 0.0000e+00
   2323.000     3.5845   3.319407     3.5827   3.317591    -0.0016     1.6597     0.3056     5.1291    35.0208    35.0013 0.0000e+00
   2324.000     3.5835   3.319340     3.5816   3.317517     0.0022     1.6596     0.3047     5.1264    35.0206    35.0012 0.0000e+00
   2325.000     3.5825   3.319290     3.5807   3.317462     0.0030     1.6591     0.3018     5.1157    35.0206    35.0009 0.0000e+00
   2326.000     3.5824   3.319317     3.5803   3.317463     0.0059     1.6584     0.3027     5.1214    35.0206    35.0009 0.0000e+00
   2327.000     3.5797   3.319086     3.5780   3.317262     0.0097     1.6581     0.3022     5.1275    35.0202    35.0006 0.0000e+00
   2328.000     3.5767   3.318855     3.5748   3.317018     0.0095     1.6582     0.3057     5.1293    35.0201    35.0005 0.0000e+00
   2329.000     3.5765   3.318859     3.5747   3.317039     0.0031     1.6582     0.3040     5.1292    35.0199    35.0004 0.0000e+00
   2330.000     3.5764   3.318891     3.5745   3.317066     0.0022     1.6582     0.3044     5.1272    35.0199    35.0005 0.0000e+00
   2331.000     3.5761   3.318896     3.5742   3.317063     0.0038     1.6580     0.3079     5.1245    35.0199    35.0003 0.0000e+00
   2332.000     3.5759   3.318924     3.5740   3.317086     0.0066     1.6579     0.3057     5.1297    35.0199    35.0003 0.0000e+00
   2333.000     3.5758   3.318938     3.5739   3.317111     0.0021     1.6577     0.3030     5.1245    35.0198    35.0002 0.0000e+00
   2334.000     3.5743   3.318845     3.5724   3.317017     0.0022     1.6575     0.3031     5.1309    35.0198    35.0002 0.0000e+00
   2335.000     3.5736   3.318805     3.5716   3.316956     0.0128     1.6577     0.3050     5.1357    35.0196    34.9999 0.0000e+00
   2336.000     3.5718   3.318678     3.5699   3.316848     0.0166     1.6579     0.3060     5.1291    35.0195    34.9999 0.0000e+00
   2337.000     3.5712   3.318652     3.5693   3.316824     0.0100     1.6573     0.3033     5.1247    35.0194    34.9998 0.0000e+00
   2338.000     3.5719   3.318751     3.5699   3.316913     0.0081     1.6572     0.3031     5.1296    35.0194    34.9998 0.0000e+00
   2339.000     3.5704   3.318655     3.5686   3.316827     0.0020 -9.990e-29     0.3048 -9.990e-29    35.0193    34.9997 0.0000e+00
   2340.000     3.5687   3.318521     3.5668   3.316691 -9.990e-29 -9.990e-29     0.3060 -9.990e-29    35.0190    34.9995 0.0000e+00
   2341.000     3.5670   3.318388     3.5650   3.316552 -9.990e-29 -9.990e-29     0.3059 -9.990e-29    35.0189    34.9993 0.0000e+00
   2342.000     3.5648   3.318207     3.5629   3.316370 -9.990e-29 -9.990e-29     0.3042 -9.990e-29    35.0186    34.9989 0.0000e+00
   2343.000     3.5623   3.318001     3.5604   3.316173 -9.990e-29 -9.990e-29     0.3036 -9.990e-29    35.0183    34.9987 0.0000e+00
   2344.000     3.5599   3.317798     3.5580   3.315972     0.0022     1.6568     0.3055     5.1423    35.0180    34.9985 0.0000e+00
   2345.000     3.5583   3.317687     3.5565   3.315863     0.0035     1.6570     0.3053     5.1342    35.0178    34.9982 0.0000e+00
   2346.000     3.5584   3.317744     3.5565   3.315917     0.0085     1.6564     0.3040     5.1344    35.0180    34.9984 0.0000e+00
   2347.000     3.5583   3.317773     3.5565   3.315935     0.0021     1.6568     0.3081     5.1419    35.0179    34.9982 0.0000e+00
   2348.000     3.5578   3.317746     3.5559   3.315919     0.0069     1.6566     0.3038     5.1371    35.0177    34.9982 0.0000e+00
   2349.000     3.5565   3.317663     3.5546   3.315833     0.0094     1.6567     0.3015     5.1371    35.0176    34.9980 0.0000e+00
   2350.000     3.5548   3.317540     3.5529   3.315710     0.0111     1.6565     0.3040     5.1314    35.0175    34.9979 0.0000e+00
   2351.000     3.5537   3.317458     3.5518   3.315643     0.0112     1.6557     0.3073     5.1314    35.0172    34.9978 0.0000e+00
   2352.000     3.5529   3.317440     3.5511   3.315605     0.0066     1.6557     0.3043     5.1378    35.0173    34.9977 0.0000e+00
   2353.000     3.5523   3.317416     3.5505   3.315578    -0.0051     1.6555     0.3080     5.1312    35.0172    34.9975 0.0000e+00
   2354.000     3.5519   3.317411     3.5500   3.315580     0.0016     1.6554     0.3040     5.1336    35.0172    34.9976 0.0000e+00
   2355.000     3.5516   3.317422     3.5496   3.315582    -0.0016     1.6553     0.3044     5.1311    35.0171    34.9975 0.0000e+00
   2356.000     3.5513   3.317426     3.5494   3.315594    -0.0049     1.6549     0.3055     5.1287    35.0171    34.9975 0.0000e+00
   2357.000     3.5505   3.317387     3.5486   3.315558     0.0020     1.6548     0.3018     5.1344    35.0170    34.9974 0.0000e+00
   2358.000     3.5495   3.317335     3.5477   3.315499    -0.0098     1.6546     0.3052     5.1346    35.0169    34.9972 0.0000e+00
   2359.000     3.5474   3.317156     3.5457   3.315341     0.0023     1.6545     0.3056     5.1299    35.0166    34.9970 0.0000e+00
   2360.000     3.5463   3.317090     3.5446   3.315274     0.0095     1.6541     0.3031     5.1305    35.0165    34.9969 0.0000e+00
   2361.000     3.5456   3.317058     3.5439   3.315234     0.0095     1.6539     0.3020     5.1294    35.0164    34.9967 0.0000e+00
   2362.000     3.5418   3.316718     3.5400   3.314903     0.0059 -9.990e-29     0.3031 -9.990e-29    35.0159    34.9964 0.0000e+00
   2363.000     3.5386   3.316435     3.5368   3.314623     0.0058 -9.990e-29     0.3047 -9.990e-29    35.0155    34.9960 0.0000e+00
   2364.000     3.5375   3.316381     3.5357   3.314553     0.0020     1.6533     0.3063     5.1388    35.0155    34.9959 0.0000e+00
   2365.000     3.5370   3.316375     3.5351   3.314530     0.0011     1.6533     0.3066     5.1347    35.0154    34.9958 0.0000e+00
   2366.000     3.5357   3.316259     3.5337   3.314432    -0.0053     1.6531     0.3008     5.1364    35.0150    34.9956 0.0000e+00
   2367.000     3.5335   3.316081     3.5315   3.314250    -0.0051     1.6532     0.3022     5.1387    35.0148    34.9953 0.0000e+00
   2368.000     3.5318   3.315955     3.5298   3.314127    -0.0051     1.6534     0.3058     5.1388    35.0146    34.9951 0.0000e+00
   2369.000     3.5307   3.315897     3.5288   3.314069    -0.0030     1.6530     0.3063     5.1356    35.0147    34.9951 0.0000e+00
   2370.000     3.5298   3.315856     3.5280   3.314026     0.0018     1.6530     0.3057     5.1389    35.0146    34.9950 0.0000e+00
   2371.000     3.5296   3.315866     3.5278   3.314044     0.0022 -9.990e-29     0.3035 -9.990e-29    35.0145    34.9949 0.0000e+00
   2372.000     3.5293   3.315877     3.5274   3.314052     0.0063 -9.990e-29     0.3057 -9.990e-29    35.0145    34.9949 0.0000e+00
   2373.000     3.5291   3.315903     3.5272   3.314065     0.0104     1.6521     0.3052     5.1328    35.0145    34.9948 0.0000e+00
   2374.000     3.5274   3.315769     3.5256   3.313938     0.0058     1.6520     0.3046     5.1382    35.0142    34.9946 0.0000e+00
   2375.000     3.5253   3.315583     3.5234   3.313755     0.0068     1.6519     0.3079     5.1381    35.0139    34.9943 0.0000e+00
   2376.000     3.5229   3.315405     3.5210   3.313565     0.0021     1.6519     0.3030     5.1360    35.0138    34.9941 0.0000e+00
   2377.000     3.5225   3.315403     3.5207   3.313569     0.0059     1.6518     0.3034     5.1303    35.0137    34.9940 0.0000e+00
   2378.000     3.5214   3.315325     3.5195   3.313491     0.0095     1.6513     0.3031     5.1283    35.0135    34.9939 0.0000e+00
   2379.000     3.5199   3.315209     3.5179   3.313377     0.0095     1.6511     0.3058     5.1352    35.0133    34.9937 0.0000e+00
   2380.000     3.5157   3.314827     3.5138   3.313010     0.0059     1.6511     0.3047     5.1419    35.0127    34.9932 0.0000e+00
   2381.000     3.5123   3.314545     3.5106   3.312729    -0.0030     1.6512     0.3031     5.1416    35.0124    34.9929 0.0000e+00
   2382.000     3.5109   3.314446     3.5090   3.312618     0.0022     1.6508     0.3037     5.1379    35.0123    34.9927 0.0000e+00
   2383.000     3.5105   3.314454     3.5086   3.312617     0.0056     1.6508     0.3060     5.1442    35.0124    34.9927 0.0000e+00
   2384.000     3.5105   3.314489     3.5085   3.312646     0.0115     1.6509     0.3035     5.1477    35.0123    34.9927 0.0000e+00
   2385.000     3.5070   3.314172     3.5050   3.312330     0.0020     1.6511     0.3051     5.1450    35.0118    34.9922 0.0000e+00
   2386.000     3.5046   3.313971     3.5028   3.312146     0.0047     1.6511     0.3054     5.1472    35.0114    34.9919 0.0000e+00
   2387.000     3.5014   3.313688     3.4996   3.311871     0.0095     1.6511     0.3034     5.1482    35.0110    34.9916 0.0000e+00
   2388.000     3.4995   3.313538     3.4976   3.311731     0.0095     1.6511     0.3067     5.1424    35.0108    34.9915 0.0000e+00
   2389.000     3.4985   3.313482     3.4967   3.311662     0.0034     1.6507     0.3060     5.1356    35.0107    34.9912 0.0000e+00
   2390.000     3.4963   3.313291     3.4944   3.311472    -0.0052     1.6503     0.3056     5.1374    35.0103    34.9909 0.0000e+00
   2391.000     3.4941   3.313112     3.4922   3.311292    -0.0002     1.6500     0.3038     5.1410    35.0101    34.9906 0.0000e+00
   2392.000     3.4899   3.312735     3.4880   3.310925     0.0058     1.6498     0.3031     5.1384    35.0096    34.9902 0.0000e+00
   2393.000     3.4872   3.312520     3.4854   3.310705     0.0058     1.6494     0.3044     5.1439    35.0094    34.9899 0.0000e+00
   2394.000     3.4849   3.312331     3.4830   3.310515     0.0069     1.6493     0.3042     5.1444    35.0092    34.9896 0.0000e+00
   2395.000     3.4843   3.312312     3.4817   3.310425     0.0061     1.6496     0.3048     5.1553    35.0090    34.9896 0.0000e+00
   2396.000     3.4793   3.311869     3.4774   3.310052     0.0020     1.6500     0.3058     5.1549    35.0087    34.9892 0.0000e+00
   2397.000     3.4786   3.311855     3.4768   3.310022     0.0022     1.6503     0.3056     5.1620    35.0088    34.9891 0.0000e+00
   2398.000     3.4783   3.311841     3.4763   3.310018     0.0049     1.6504     0.3052     5.1625    35.0085    34.9891 0.0000e+00
   2399.000     3.4776   3.311821     3.4757   3.309997     0.0095 -9.990e-29     0.3031 -9.990e-29    35.0085    34.9889 0.0000e+00
   2400.000     3.4765   3.311749     3.4746   3.309914     0.0095 -9.990e-29     0.3031 -9.990e-29    35.0084    34.9887 0.0000e+00
   2401.000     3.4741   3.311531     3.4721   3.309711     0.0080 -9.990e-29     0.3031 -9.990e-29    35.0079    34.9884 0.0000e+00
   2402.000     3.4704   3.311228     3.4685   3.309410     0.0024 -9.990e-29     0.3034 -9.990e-29    35.0077    34.9882 0.0000e+00
   2403.000     3.4690   3.311142     3.4672   3.309320     0.0083 -9.990e-29     0.3060 -9.990e-29    35.0077    34.9880 0.0000e+00
   2404.000     3.4677   3.311036     3.4658   3.309222     0.0004     1.6501     0.3078     5.1601    35.0074    34.9879 0.0000e+00
   2405.000     3.4661   3.310931     3.4643   3.309117    -0.0008     1.6501     0.3050     5.1610    35.0073    34.9878 0.0000e+00
   2406.000     3.4650   3.310856     3.4631   3.309042     0.0075     1.6501     0.3039     5.1631    35.0071    34.9876 0.0000e+00
   2407.000     3.4627   3.310668     3.4609   3.308858     0.0022     1.6502     0.3056     5.1714    35.0068    34.9874 0.0000e+00
   2408.000     3.4608   3.310528     3.4589   3.308708     0.0022     1.6507     0.3033     5.1762    35.0067    34.9872 0.0000e+00
   2409.000     3.4599   3.310472     3.4581   3.308659     0.0022     1.6509     0.3058     5.1708    35.0066    34.9871 0.0000e+00
   2410.000     3.4585   3.310376     3.4566   3.308552     0.0086     1.6511     0.3018     5.1716    35.0065    34.9868 0.0000e+00
