Analisis/Data/CTD/ra2012_24.cnv
* Sea-Bird SBE 9 Data File:
* FileName = C:\DATOSCAMPANA_CTD\19-RAPROCAN-VUCANA_1220\RAW\ra2012_24.hex
* Software Version Seasave V 7.26.7.107
* Temperature SN = 5842
* Conductivity SN = 4178
* Number of Bytes Per Scan = 44
* Number of Voltage Words = 4
* Number of Scans Averaged by the Deck Unit = 1
* NMEA Latitude = 29 10.01 N
* NMEA Longitude = 018 29.79 W
* NMEA UTC (Time) = Dec 11 2020  12:57:48
* NMEA baud rate = 4800
** **Ship: Ramon Margalef
** **Cruise: RAPROCAN-VULCANA_2012
** **Station: 24
** **Cast: 01
** **Latitude: 29:10.008
** **Longitude: -18:29.783
** **Depth: 4232
** **Date: 11/12/2020
** **Time: 12:58
# nquan = 12
# nvalues = 8577                        
# units = specified
# name 0 = prDM: Pressure, Digiquartz [db]
# name 1 = t090C: Temperature [ITS-90, deg C]
# name 2 = c0S/m: Conductivity [S/m]
# name 3 = t190C: Temperature, 2 [ITS-90, deg C]
# name 4 = c1S/m: Conductivity, 2 [S/m]
# name 5 = flECO-AFL: Fluorescence, WET Labs ECO-AFL/FL [mg/m^3]
# name 6 = sbeox0V: Oxygen raw, SBE 43 [V]
# name 7 = turbWETntu0: Turbidity, WET Labs ECO [NTU]
# name 8 = sbeox0ML/L: Oxygen, SBE 43 [ml/l], WS = 2
# name 9 = sal00: Salinity, Practical [PSU]
# name 10 = sal11: Salinity, Practical, 2 [PSU]
# name 11 = flag: flag
# span 0 =      5.000,   4293.000       
# span 1 =     2.3706,    21.2675       
# span 2 =   3.259452,   5.166939       
# span 3 =     2.3688,    21.2669       
# span 4 =   3.257734,   5.162625       
# span 5 =    -0.0203,     0.4779       
# span 6 =     1.3721,     2.7026       
# span 7 =     0.3006,     0.3381       
# span 8 =     3.4399,     5.2254       
# span 9 =    34.8821,    36.9587       
# span 10 =    34.8637,    36.9223      
# span 11 = 0.0000e+00, 0.0000e+00      
# interval = decibars: 1                
# start_time = Dec 11 2020 12:57:49 [NMEA time, first data scan]
# bad_flag = -9.990e-29
*END*
[from data line 6978]
   1603.000     5.8444   3.519693     5.8434   3.517758     0.0070     1.7450     0.3212     4.7097    35.3063    35.2856 0.0000e+00
   1602.000     5.8444   3.519641     5.8433   3.517692     0.0022 -9.990e-29     0.3184 -9.990e-29    35.3062    35.2854 0.0000e+00
   1601.000     5.8450   3.519678     5.8440   3.517740     0.0031 -9.990e-29     0.3178 -9.990e-29    35.3064    35.2857 0.0000e+00
   1600.000     5.8456   3.519701     5.8449   3.517781     0.0094 -9.990e-29     0.3173 -9.990e-29    35.3065    35.2858 0.0000e+00
   1599.000     5.8466   3.519765     5.8460   3.517857     0.0095 -9.990e-29     0.3209 -9.990e-29    35.3067    35.2859 0.0000e+00
   1598.000     5.8477   3.519818     5.8468   3.517906    -0.0009     1.7456     0.3186     4.7003    35.3066    35.2861 0.0000e+00
   1597.000     5.8487   3.519884     5.8481   3.517986    -0.0050     1.7453     0.3193     4.7035    35.3068    35.2861 0.0000e+00
   1596.000     5.8488   3.519859     5.8480   3.517924     0.0066     1.7455     0.3202     4.7022    35.3068    35.2860 0.0000e+00
   1595.000     5.8483   3.519756     5.8474   3.517828     0.0073     1.7452     0.3189     4.7018    35.3067    35.2860 0.0000e+00
   1594.000     5.8474   3.519619     5.8473   3.517782     0.0021     1.7452     0.3200     4.7018    35.3066    35.2861 0.0000e+00
   1593.000     5.8487   3.519721     5.8480   3.517815     0.0022     1.7453     0.3202     4.7022    35.3069    35.2862 0.0000e+00
   1592.000     5.8499   3.519789     5.8488   3.517841     0.0051     1.7453     0.3194     4.7046    35.3068    35.2861 0.0000e+00
   1591.000     5.8501   3.519776     5.8489   3.517817     0.0071     1.7458     0.3178     4.7067    35.3069    35.2862 0.0000e+00
   1590.000     5.8501   3.519737     5.8496   3.517854     0.0022     1.7459     0.3183     4.7022    35.3069    35.2863 0.0000e+00
   1589.000     5.8525   3.519937     5.8523   3.518061     0.0044     1.7459     0.3183     4.7007    35.3072    35.2864 0.0000e+00
   1588.000     5.8535   3.519997     5.8542   3.518224     0.0096     1.7459     0.3204     4.7033    35.3073    35.2867 0.0000e+00
   1587.000     5.8606   3.520699     5.8608   3.518851     0.0095     1.7463     0.3202     4.7021    35.3082    35.2874 0.0000e+00
   1586.000     5.8682   3.521308     5.8677   3.519393     0.0095     1.7462     0.3202     4.6988    35.3077    35.2868 0.0000e+00
   1585.000     5.8660   3.520979     5.8685   3.519393     0.0037     1.7464     0.3194     4.6997    35.3068    35.2865 0.0000e+00
   1584.000     5.8622   3.520656     5.8628   3.518857    -0.0010     1.7463     0.3191     4.6929    35.3075    35.2869 0.0000e+00
   1583.000     5.8712   3.521487     5.8720   3.519646     0.0088     1.7455     0.3202     4.6817    35.3081    35.2867 0.0000e+00
   1582.000     5.8729   3.521565     5.8739   3.519805     0.0095     1.7450     0.3202     4.6857    35.3077    35.2869 0.0000e+00
   1581.000     5.8791   3.522078     5.8788   3.520213     0.0069     1.7451     0.3197     4.6926    35.3075    35.2869 0.0000e+00
   1580.000     5.8733   3.521479     5.8747   3.519765    -0.0022     1.7453     0.3177     4.6872    35.3073    35.2866 0.0000e+00
   1579.000     5.8829   3.522434     5.8828   3.520513     0.0058     1.7448     0.3166     4.6830    35.3086    35.2872 0.0000e+00
   1578.000     5.8846   3.522530     5.8848   3.520693     0.0095     1.7447     0.3173     4.6813    35.3083    35.2875 0.0000e+00
   1577.000     5.8904   3.523043     5.8899   3.521141     0.0073     1.7443     0.3178     4.6778    35.3086    35.2878 0.0000e+00
   1576.000     5.8875   3.522728     5.8953   3.521607     0.0022     1.7440     0.3190     4.6738    35.3085    35.2879 0.0000e+00
   1575.000     5.8973   3.523661     5.8981   3.521836    -0.0017     1.7429     0.3206     4.6653    35.3093    35.2880 0.0000e+00
   1574.000     5.8964   3.523488     5.8964   3.521656    -0.0050     1.7427     0.3202     4.6699    35.3088    35.2883 0.0000e+00
   1573.000     5.9025   3.524087     5.9018   3.522151     0.0021     1.7424     0.3202     4.6703    35.3096    35.2887 0.0000e+00
   1572.000     5.9083   3.524608     5.9086   3.522772     0.0022     1.7425     0.3184     4.6700    35.3099    35.2892 0.0000e+00
   1571.000     5.9155   3.525296     5.9171   3.523585     0.0036     1.7424     0.3178     4.6688    35.3108    35.2900 0.0000e+00
   1570.000     5.9197   3.525647     5.9200   3.523815     0.0080     1.7424     0.3243     4.6665    35.3108    35.2901 0.0000e+00
   1569.000     5.9199   3.525579     5.9202   3.523800     0.0012     1.7423     0.3183     4.6621    35.3104    35.2901 0.0000e+00
   1568.000     5.9117   3.524728     5.9215   3.523867    -0.0050     1.7418     0.3226     4.6577    35.3097    35.2901 0.0000e+00
   1567.000     5.9093   3.524519     5.9226   3.523918     0.0039     1.7409     0.3211     4.6530    35.3103    35.2900 0.0000e+00
   1566.000     5.9151   3.525061     5.9257   3.524185     0.0096     1.7404     0.3206     4.6568    35.3109    35.2902 0.0000e+00
   1565.000     5.9227   3.525690     5.9228   3.523828     0.0050     1.7402     0.3225     4.6568    35.3105    35.2896 0.0000e+00
   1564.000     5.9258   3.526139     5.9304   3.524693     0.0062     1.7406     0.3227     4.6586    35.3129    35.2920 0.0000e+00
   1563.000     5.9439   3.527775     5.9443   3.525895     0.0071     1.7406     0.3194     4.6532    35.3130    35.2916 0.0000e+00
   1562.000     5.9467   3.527925     5.9454   3.525932     0.0021     1.7403     0.3168     4.6507    35.3123    35.2913 0.0000e+00
   1561.000     5.9470   3.527909     5.9458   3.525921     0.0022     1.7403     0.3178     4.6488    35.3122    35.2913 0.0000e+00
   1560.000     5.9465   3.527802     5.9457   3.525871     0.0077     1.7402     0.3199     4.6461    35.3121    35.2913 0.0000e+00
   1559.000     5.9423   3.527405     5.9459   3.525826     0.0035     1.7393     0.3195     4.6348    35.3124    35.2911 0.0000e+00
   1558.000     5.9450   3.527543     5.9447   3.525662     0.0081     1.7386     0.3178     4.6364    35.3116    35.2910 0.0000e+00
   1557.000     5.9443   3.527492     5.9446   3.525650     0.0055     1.7384     0.3207     4.6360    35.3123    35.2914 0.0000e+00
   1556.000     5.9480   3.527771     5.9475   3.525854     0.0042     1.7379     0.3216     4.6346    35.3120    35.2911 0.0000e+00
   1555.000     5.9495   3.527859     5.9492   3.525956     0.0110     1.7377     0.3165     4.6354    35.3119    35.2909 0.0000e+00
   1554.000     5.9508   3.527919     5.9505   3.526039     0.0153     1.7376     0.3186     4.6341    35.3118    35.2910 0.0000e+00
   1553.000     5.9517   3.527951     5.9530   3.526206     0.0096     1.7373     0.3202     4.6309    35.3116    35.2908 0.0000e+00
   1552.000     5.9507   3.527843     5.9532   3.526182     0.0034     1.7369     0.3219     4.6272    35.3119    35.2907 0.0000e+00
   1551.000     5.9547   3.528115     5.9556   3.526355    -0.0024     1.7364     0.3206     4.6234    35.3113    35.2907 0.0000e+00
   1550.000     5.9501   3.527682     5.9553   3.526287     0.0036     1.7358     0.3178     4.6224    35.3116    35.2907 0.0000e+00
   1549.000     5.9578   3.528388     5.9588   3.526598     0.0091     1.7357     0.3182     4.6227    35.3121    35.2911 0.0000e+00
   1548.000     5.9622   3.528741     5.9627   3.526944     0.0022     1.7356     0.3227     4.6260    35.3120    35.2914 0.0000e+00
   1547.000     5.9669   3.529205     5.9694   3.527536     0.0018     1.7358     0.3181     4.6255    35.3127    35.2916 0.0000e+00
   1546.000     5.9722   3.529674     5.9726   3.527812 -9.990e-29     1.7358     0.3178     4.6225    35.3131    35.2919 0.0000e+00
   1545.000     5.9773   3.530107     5.9778   3.528330 -9.990e-29     1.7358     0.3170     4.6187    35.3131    35.2928 0.0000e+00
   1544.000     5.9853   3.530842     5.9869   3.529083 -9.990e-29     1.7357     0.3175     4.6198    35.3136    35.2923 0.0000e+00
   1543.000     5.9888   3.531052     5.9879   3.529096     0.0022     1.7356     0.3186     4.6142    35.3128    35.2919 0.0000e+00
   1542.000     5.9825   3.530389     5.9875   3.529008     0.0022     1.7353     0.3199     4.6148    35.3124    35.2918 0.0000e+00
   1541.000     5.9838   3.530532     5.9878   3.528976     0.0000     1.7350     0.3185     4.6099    35.3130    35.2916 0.0000e+00
   1540.000     5.9844   3.530409     5.9848   3.528671    -0.0038     1.7346     0.3178     4.6061    35.3115    35.2917 0.0000e+00
   1539.000     5.9854   3.530632     5.9894   3.529068     0.0094     1.7340     0.3168     4.6079    35.3134    35.2919 0.0000e+00
   1538.000     5.9953   3.531418     5.9948   3.529486     0.0023     1.7343     0.3178     4.6093    35.3126    35.2915 0.0000e+00
   1537.000     5.9961   3.531404     5.9953   3.529439     0.0088     1.7339     0.3169     4.6014    35.3120    35.2910 0.0000e+00
   1536.000     5.9950   3.531260     5.9954   3.529393     0.0003     1.7333     0.3220     4.5987    35.3120    35.2908 0.0000e+00
   1535.000     5.9935   3.531097     5.9951   3.529388     0.0032     1.7326     0.3194     4.5917    35.3122    35.2915 0.0000e+00
   1534.000     5.9971   3.531371     5.9974   3.529511     0.0140     1.7316     0.3191     4.5887    35.3121    35.2909 0.0000e+00
   1533.000     6.0091   3.532548     6.0073   3.530479     0.0021     1.7317     0.3232     4.5915    35.3133    35.2921 0.0000e+00
   1532.000     6.0167   3.533133     6.0154   3.531126     0.0022     1.7313     0.3211     4.5922    35.3125    35.2915 0.0000e+00
   1531.000     6.0186   3.533251     6.0177   3.531295     0.0022     1.7316     0.3201     4.5937    35.3123    35.2915 0.0000e+00
   1530.000     6.0177   3.533124     6.0181   3.531276     0.0034     1.7313     0.3179     4.5848    35.3123    35.2913 0.0000e+00
   1529.000     6.0160   3.532884     6.0144   3.530899     0.0071     1.7306     0.3173     4.5808    35.3118    35.2914 0.0000e+00
   1528.000     6.0154   3.532844     6.0118   3.530610    -0.0015     1.7300     0.3184     4.5775    35.3125    35.2912 0.0000e+00
   1527.000     6.0168   3.532917     6.0130   3.530682     0.0012     1.7293     0.3216     4.5735    35.3123    35.2913 0.0000e+00
   1526.000     6.0264   3.533984     6.0190   3.531330     0.0072     1.7289     0.3219     4.5787    35.3148    35.2928 0.0000e+00
   1525.000     6.0397   3.535201     6.0372   3.533068     0.0022     1.7289     0.3213     4.5738    35.3153    35.2940 0.0000e+00
   1524.000     6.0459   3.535756     6.0438   3.533682     0.0022     1.7286     0.3223     4.5698    35.3156    35.2946 0.0000e+00
   1523.000     6.0481   3.535930     6.0449   3.533754     0.0022     1.7282     0.3202     4.5685    35.3156    35.2947 0.0000e+00
   1522.000     6.0544   3.536569     6.0538   3.534617     0.0090     1.7283     0.3202     4.5678    35.3168    35.2956 0.0000e+00
   1521.000     6.0595   3.536979     6.0585   3.535015     0.0052     1.7279     0.3202     4.5685    35.3166    35.2957 0.0000e+00
   1520.000     6.0597   3.536873     6.0620   3.535331    -0.0008     1.7282     0.3194     4.5683    35.3157    35.2961 0.0000e+00
   1519.000     6.0527   3.536308     6.0602   3.535020    -0.0017     1.7278     0.3191     4.5602    35.3170    35.2950 0.0000e+00
   1518.000     6.0725   3.538118     6.0697   3.536036     0.0022     1.7271     0.3189     4.5583    35.3174    35.2970 0.0000e+00
   1517.000     6.0653   3.537398     6.0637   3.535291     0.0022     1.7271     0.3178     4.5586    35.3171    35.2953 0.0000e+00
   1516.000     6.0758   3.538493     6.0728   3.536346     0.0022     1.7264     0.3202     4.5522    35.3191    35.2983 0.0000e+00
   1515.000     6.0829   3.539164     6.0813   3.537093     0.0079     1.7260     0.3177     4.5524    35.3197    35.2983 0.0000e+00
   1514.000     6.0884   3.539592     6.0869   3.537576     0.0049     1.7262     0.3193     4.5534    35.3193    35.2983 0.0000e+00
   1513.000     6.0928   3.540025     6.0911   3.537967    -0.0015     1.7259     0.3195     4.5457    35.3201    35.2989 0.0000e+00
   1512.000     6.0987   3.540594     6.0980   3.538626    -0.0046     1.7253     0.3190     4.5436    35.3208    35.2997 0.0000e+00
   1511.000     6.1038   3.541035     6.1034   3.539103     0.0093     1.7253     0.3255     4.5447    35.3210    35.2999 0.0000e+00
   1510.000     6.1071   3.541318     6.1063   3.539360     0.0095     1.7250     0.3233     4.5421    35.3212    35.3002 0.0000e+00
   1509.000     6.1100   3.541585     6.1095   3.539620     0.0038     1.7246     0.3179     4.5391    35.3217    35.3004 0.0000e+00
   1508.000     6.1152   3.542027     6.1123   3.539860     0.0022     1.7246     0.3245     4.5398    35.3217    35.3006 0.0000e+00
   1507.000     6.1141   3.541867     6.1134   3.539942     0.0082     1.7240     0.3218     4.5337    35.3216    35.3009 0.0000e+00
   1506.000     6.1239   3.542917     6.1215   3.540744     0.0050     1.7240     0.3249     4.5373    35.3236    35.3020 0.0000e+00
   1505.000     6.1351   3.543942     6.1336   3.541903     0.0049     1.7239     0.3244     4.5334    35.3241    35.3030 0.0000e+00
   1504.000     6.1409   3.544492     6.1395   3.542460     0.0067     1.7239     0.3215     4.5322    35.3246    35.3035 0.0000e+00
   1503.000     6.1356   3.543821     6.1307   3.541453     0.0026     1.7235     0.3184     4.5276    35.3231    35.3018 0.0000e+00
   1502.000     6.1301   3.543318     6.1267   3.541132     0.0022     1.7224     0.3178     4.5221    35.3237    35.3028 0.0000e+00
   1501.000     6.1426   3.544572     6.1410   3.542505     0.0022     1.7226     0.3179     4.5245    35.3252    35.3039 0.0000e+00
   1500.000     6.1513   3.545562     6.1484   3.543335     0.0083     1.7221     0.3202     4.5209    35.3277    35.3060 0.0000e+00
   1499.000     6.1653   3.546915     6.1650   3.544930     0.0095     1.7222     0.3202     4.5221    35.3290    35.3071 0.0000e+00
   1498.000     6.1719   3.547491     6.1707   3.545480     0.0036     1.7221     0.3198     4.5257    35.3291    35.3079 0.0000e+00
   1497.000     6.1817   3.548526     6.1838   3.546820     0.0023     1.7226     0.3179     4.5257    35.3310    35.3099 0.0000e+00
   1496.000     6.1820   3.548405     6.1906   3.547334     0.0079     1.7229     0.3178     4.5232    35.3297    35.3091 0.0000e+00
   1495.000     6.1603   3.546181     6.1657   3.544830    -0.0022     1.7223     0.3193     4.5143    35.3278    35.3072 0.0000e+00
   1494.000     6.1865   3.548973     6.1752   3.545767    -0.0025     1.7219     0.3190     4.5142    35.3324    35.3083 0.0000e+00
   1493.000     6.1993   3.550062     6.1938   3.547781     0.0018     1.7220     0.3202     4.5152    35.3319    35.3122 0.0000e+00
   1492.000     6.2334   3.553773     6.2326   3.551611    -0.0051     1.7222     0.3205     4.5131    35.3387    35.3155 0.0000e+00
   1491.000     6.2474   3.554790     6.2459   3.552740    -0.0051     1.7224     0.3210     4.5144    35.3360    35.3148 0.0000e+00
   1490.000     6.2491   3.554922     6.2475   3.552854     0.0046     1.7229     0.3202     4.5079    35.3362    35.3149 0.0000e+00
   1489.000     6.2503   3.554999     6.2491   3.552988     0.0143     1.7223     0.3203     4.5003    35.3363    35.3152 0.0000e+00
   1488.000     6.2516   3.555073     6.2513   3.553146     0.0026     1.7221     0.3184     4.4978    35.3363    35.3152 0.0000e+00
   1487.000     6.2462   3.554465     6.2350   3.551568     0.0135     1.7211     0.3205     4.4901    35.3355    35.3148 0.0000e+00
   1486.000     6.2481   3.554851     6.2300   3.551014     0.0000     1.7201     0.3197     4.4866    35.3383    35.3143 0.0000e+00
   1485.000     6.2522   3.554957     6.2505   3.552942    -0.0022     1.7194     0.3188     4.4881    35.3358    35.3152 0.0000e+00
