Analisis/Data/CTD/ra2012_25.cnv
* Sea-Bird SBE 9 Data File:
* FileName = C:\DATOSCAMPANA_CTD\19-RAPROCAN-VUCANA_1220\RAW\ra2012_25.hex
* Software Version Seasave V 7.26.7.107
* Temperature SN = 5842
* Conductivity SN = 4178
* Number of Bytes Per Scan = 44
* Number of Voltage Words = 4
* Number of Scans Averaged by the Deck Unit = 1
* NMEA Latitude = 29 10.00 N
* NMEA Longitude = 019 00.11 W
* NMEA UTC (Time) = Dec 10 2020  17:41:05
* NMEA baud rate = 4800
** **Ship: Ramon Margalef
** **Cruise: RAPROCAN-VULCANA_2020
** **Station: 25
** **Cast: 01
** **Latitude: 29:10.002
** **Longitude: -19:00.11
** **Depth: 4416
** **Date: 10/12/2020
** **Time: 17:37
# nquan = 12
# nvalues = 9020                        
# units = specified
# name 0 = prDM: Pressure, Digiquartz [db]
# name 1 = t090C: Temperature [ITS-90, deg C]
# name 2 = c0S/m: Conductivity [S/m]
# name 3 = t190C: Temperature, 2 [ITS-90, deg C]
# name 4 = c1S/m: Conductivity, 2 [S/m]
# name 5 = flECO-AFL: Fluorescence, WET Labs ECO-AFL/FL [mg/m^3]
# name 6 = sbeox0V: Oxygen raw, SBE 43 [V]
# name 7 = turbWETntu0: Turbidity, WET Labs ECO [NTU]
# name 8 = sbeox0ML/L: Oxygen, SBE 43 [ml/l], WS = 2
# name 9 = sal00: Salinity, Practical [PSU]
# name 10 = sal11: Salinity, Practical, 2 [PSU]
# name 11 = flag: flag
# span 0 =      4.000,   4514.000       
# span 1 =     2.3652,    21.3575       
# span 2 =   3.258280,   5.175199       
# span 3 =     2.3635,    21.3567       
# span 4 =   3.256590,   5.170555       
# span 5 =    -0.0204,     0.5252       
# span 6 =     1.3511,     2.7030       
# span 7 =     0.2861,     0.3594       
# span 8 =     3.5145,     5.2533       
# span 9 =    34.8803,    36.9510       
# span 10 =    34.8612,    36.9170      
# span 11 = 0.0000e+00, 0.0000e+00      
# interval = decibars: 1                
# start_time = Dec 10 2020 17:41:05 [NMEA time, first data scan]
# bad_flag = -9.990e-29
*END*
[from data line 4813]
   4210.000     2.3662   3.269222     2.3643   3.267471     0.0033 -9.990e-29     0.2908 -9.990e-29    34.8820    34.8632 0.0000e+00
   4209.000     2.3661   3.269180     2.3644   3.267446     0.0094 -9.990e-29     0.2885 -9.990e-29    34.8820    34.8632 0.0000e+00
   4208.000     2.3667   3.269219     2.3650   3.267470     0.0095     1.3870     0.2904     5.2263    34.8823    34.8632 0.0000e+00
   4207.000     2.3662   3.269123     2.3647   3.267397     0.0149     1.3867     0.2929     5.2284    34.8821    34.8630 0.0000e+00
   4206.000     2.3662   3.269092     2.3646   3.267366     0.0019     1.3870     0.2935     5.2342    34.8821    34.8632 0.0000e+00
   4205.000     2.3665   3.269088     2.3647   3.267340     0.0022     1.3873     0.2958     5.2225    34.8822    34.8632 0.0000e+00
   4204.000     2.3665   3.269052     2.3647   3.267312     0.0022     1.3868     0.2926     5.2212    34.8822    34.8633 0.0000e+00
   4203.000     2.3666   3.269029     2.3647   3.267287     0.0022     1.3871     0.2933     5.2391    34.8822    34.8634 0.0000e+00
   4202.000     2.3664   3.268985     2.3646   3.267247     0.0036     1.3875     0.2967     5.2397    34.8823    34.8634 0.0000e+00
   4201.000     2.3663   3.268939     2.3646   3.267200     0.0093     1.3876     0.2982     5.2244    34.8822    34.8633 0.0000e+00
   4200.000     2.3662   3.268893     2.3644   3.267151    -0.0044     1.3876     0.2937     5.2345    34.8822    34.8633 0.0000e+00
   4199.000     2.3660   3.268850     2.3643   3.267116    -0.0048     1.3880     0.2937     5.2316    34.8823    34.8634 0.0000e+00
   4198.000     2.3659   3.268807     2.3642   3.267061     0.0023     1.3880     0.2979     5.2295    34.8823    34.8633 0.0000e+00
   4197.000     2.3659   3.268765     2.3640   3.267013     0.0049     1.3881     0.2960     5.2304    34.8822    34.8632 0.0000e+00
   4196.000     2.3658   3.268731     2.3639   3.266985     0.0075     1.3885     0.2933     5.2310    34.8823    34.8634 0.0000e+00
   4195.000     2.3659   3.268692     2.3641   3.266960     0.0021     1.3880     0.2913     5.2272    34.8822    34.8633 0.0000e+00
   4194.000     2.3660   3.268663     2.3641   3.266923     0.0083     1.3886     0.2909     5.2318    34.8821    34.8633 0.0000e+00
   4193.000     2.3659   3.268626     2.3641   3.266884     0.0095     1.3883     0.2930     5.2280    34.8822    34.8633 0.0000e+00
   4192.000     2.3658   3.268587     2.3640   3.266843     0.0095     1.3888     0.2970     5.2364    34.8823    34.8633 0.0000e+00
   4191.000     2.3656   3.268535     2.3638   3.266805    -0.0019     1.3888     0.2941     5.2415    34.8822    34.8634 0.0000e+00
   4190.000     2.3653   3.268482     2.3636   3.266740     0.0036     1.3892     0.2924     5.2291    34.8823    34.8633 0.0000e+00
   4189.000     2.3654   3.268445     2.3636   3.266716     0.0022     1.3892     0.2936     5.2312    34.8822    34.8634 0.0000e+00
   4188.000     2.3655   3.268426     2.3636   3.266671    -0.0029     1.3892     0.2934     5.2267    34.8822    34.8632 0.0000e+00
   4187.000     2.3656   3.268403     2.3639   3.266665    -0.0050     1.3892     0.2934     5.2324    34.8823    34.8633 0.0000e+00
   4186.000     2.3658   3.268385     2.3639   3.266642     0.0014     1.3895     0.2912     5.2349    34.8823    34.8634 0.0000e+00
   4185.000     2.3657   3.268345     2.3638   3.266595     0.0049     1.3895     0.2918     5.2339    34.8823    34.8634 0.0000e+00
   4184.000     2.3653   3.268284     2.3636   3.266547     0.0092     1.3897     0.2924     5.2337    34.8824    34.8634 0.0000e+00
   4183.000     2.3652   3.268238     2.3635   3.266493     0.0044     1.3901     0.2943     5.2300    34.8824    34.8633 0.0000e+00
   4182.000     2.3655   3.268227     2.3637   3.266484     0.0022 -9.990e-29     0.2941 -9.990e-29    34.8824    34.8634 0.0000e+00
   4181.000     2.3653   3.268185     2.3635   3.266439    -0.0021 -9.990e-29     0.2921 -9.990e-29    34.8824    34.8634 0.0000e+00
   4180.000     2.3658   3.268206     2.3640   3.266461     0.0018 -9.990e-29     0.2921 -9.990e-29    34.8826    34.8636 0.0000e+00
   4179.000     2.3664   3.268220     2.3646   3.266482     0.0017 -9.990e-29     0.2934 -9.990e-29    34.8825    34.8636 0.0000e+00
   4178.000     2.3666   3.268213     2.3647   3.266449    -0.0014     1.3903     0.2934     5.2342    34.8826    34.8636 0.0000e+00
   4177.000     2.3666   3.268180     2.3646   3.266422     0.0005     1.3906 -9.990e-29     5.2383    34.8826    34.8637 0.0000e+00
   4176.000     2.3670   3.268174     2.3652   3.266445    -0.0050     1.3906 -9.990e-29     5.2331    34.8826    34.8637 0.0000e+00
   4175.000     2.3672   3.268161     2.3655   3.266437     0.0005     1.3908 -9.990e-29     5.2271    34.8826    34.8638 0.0000e+00
   4174.000     2.3672   3.268124     2.3656   3.266412     0.0021     1.3909     0.2934     5.2432    34.8826    34.8638 0.0000e+00
   4173.000     2.3664   3.268020     2.3653   3.266353     0.0078     1.3913     0.2899     5.2252    34.8826    34.8638 0.0000e+00
   4172.000     2.3674   3.268088     2.3654   3.266325     0.0095     1.3913     0.2956     5.2338    34.8827    34.8638 0.0000e+00
   4171.000     2.3673   3.268040     2.3656   3.266308     0.0051     1.3913     0.2930     5.2325    34.8827    34.8638 0.0000e+00
   4170.000     2.3677   3.268038     2.3658   3.266308     0.0014     1.3916     0.2909     5.2365    34.8827    34.8639 0.0000e+00
   4169.000     2.3677   3.268018     2.3659   3.266280    -0.0048     1.3917     0.2909     5.2339    34.8828    34.8639 0.0000e+00
   4168.000     2.3673   3.267954     2.3656   3.266206     0.0053     1.3918     0.2888     5.2324    34.8829    34.8638 0.0000e+00
   4167.000     2.3673   3.267910     2.3654   3.266153     0.0085     1.3921     0.2956     5.2336    34.8827    34.8638 0.0000e+00
   4166.000     2.3678   3.267927     2.3661   3.266198     0.0039     1.3923     0.2930     5.2245    34.8828    34.8640 0.0000e+00
   4165.000     2.3683   3.267951     2.3668   3.266233     0.0022     1.3918     0.2907     5.2242    34.8830    34.8641 0.0000e+00
   4164.000     2.3689   3.267963     2.3670   3.266222     0.0022     1.3923     0.2861     5.2465    34.8830    34.8641 0.0000e+00
   4163.000     2.3688   3.267926     2.3670   3.266189     0.0022     1.3926     0.2898     5.2307    34.8830    34.8641 0.0000e+00
   4162.000     2.3687   3.267878     2.3670   3.266148     0.0047     1.3923     0.2944     5.2332    34.8830    34.8640 0.0000e+00
   4161.000     2.3679   3.267784     2.3663   3.266033     0.0020     1.3929     0.2958     5.2362    34.8831    34.8638 0.0000e+00
   4160.000     2.3684   3.267793     2.3665   3.266035    -0.0002     1.3930     0.2928     5.2331    34.8831    34.8640 0.0000e+00
   4159.000     2.3686   3.267787     2.3668   3.266028     0.0022     1.3932     0.2909     5.2359    34.8832    34.8641 0.0000e+00
   4158.000     2.3688   3.267756     2.3669   3.266017     0.0022     1.3933     0.2926     5.2331    34.8831    34.8642 0.0000e+00
   4157.000     2.3689   3.267735     2.3670   3.265987    -0.0012     1.3934     0.2914     5.2342    34.8831    34.8642 0.0000e+00
   4156.000     2.3688   3.267689     2.3669   3.265944    -0.0001     1.3936     0.2903     5.2284    34.8830    34.8641 0.0000e+00
   4155.000     2.3687   3.267652     2.3669   3.265910     0.0096     1.3935     0.2930     5.2355    34.8832    34.8642 0.0000e+00
   4154.000     2.3687   3.267616     2.3668   3.265874     0.0095     1.3938     0.2910     5.2392    34.8831    34.8642 0.0000e+00
   4153.000     2.3686   3.267573     2.3667   3.265827     0.0027     1.3940     0.2934     5.2414    34.8831    34.8642 0.0000e+00
   4152.000     2.3684   3.267525     2.3665   3.265783     0.0022     1.3942     0.2918     5.2316    34.8831    34.8643 0.0000e+00
   4151.000     2.3683   3.267472     2.3664   3.265739     0.0022 -9.990e-29     0.2909 -9.990e-29    34.8831    34.8643 0.0000e+00
   4150.000     2.3682   3.267426     2.3663   3.265680     0.0045 -9.990e-29     0.2909 -9.990e-29    34.8830    34.8641 0.0000e+00
   4149.000     2.3680   3.267385     2.3662   3.265633     0.0069 -9.990e-29     0.2919 -9.990e-29    34.8832    34.8641 0.0000e+00
   4148.000     2.3678   3.267335     2.3660   3.265593     0.0023     1.3949     0.2923     5.2318    34.8831    34.8642 0.0000e+00
   4147.000     2.3677   3.267284     2.3659   3.265542     0.0022     1.3949     0.2930     5.2255    34.8831    34.8641 0.0000e+00
   4146.000     2.3677   3.267240     2.3658   3.265506     0.0022     1.3949     0.2959     5.2370    34.8830    34.8642 0.0000e+00
   4145.000     2.3677   3.267220     2.3658   3.265471     0.0132     1.3951     0.2943     5.2435    34.8831    34.8642 0.0000e+00
   4144.000     2.3677   3.267181     2.3658   3.265440     0.0155     1.3954     0.2934     5.2256    34.8830    34.8642 0.0000e+00
   4143.000     2.3676   3.267134     2.3658   3.265399     0.0095     1.3949     0.2934     5.2220    34.8829    34.8641 0.0000e+00
   4142.000     2.3675   3.267097     2.3657   3.265365     0.0059     1.3952     0.2921     5.2450    34.8830    34.8642 0.0000e+00
   4141.000     2.3673   3.267058     2.3657   3.265325     0.0030     1.3955     0.2893     5.2467    34.8832    34.8642 0.0000e+00
   4140.000     2.3672   3.267010     2.3655   3.265276     0.0082     1.3958     0.2932     5.2413    34.8831    34.8642 0.0000e+00
   4139.000     2.3671   3.266967     2.3653   3.265226    -0.0018     1.3959     0.2947     5.2297    34.8831    34.8642 0.0000e+00
   4138.000     2.3670   3.266926     2.3654   3.265202    -0.0052     1.3960     0.2958     5.2326    34.8831    34.8643 0.0000e+00
   4137.000     2.3673   3.266925     2.3657   3.265195    -0.0051     1.3959     0.2914     5.2306    34.8832    34.8643 0.0000e+00
   4136.000     2.3678   3.266946     2.3661   3.265205     0.0078     1.3961     0.2977     5.2395    34.8834    34.8643 0.0000e+00
   4135.000     2.3682   3.266926     2.3663   3.265178     0.0095     1.3964     0.2961     5.2399    34.8832    34.8642 0.0000e+00
   4134.000     2.3680   3.266876     2.3661   3.265128     0.0099     1.3964     0.2944     5.2360    34.8832    34.8643 0.0000e+00
   4133.000     2.3677   3.266817     2.3658   3.265076     0.0166     1.3966     0.2911     5.2424    34.8832    34.8644 0.0000e+00
   4132.000     2.3676   3.266772     2.3657   3.265027     0.0082     1.3969     0.2928     5.2410    34.8832    34.8643 0.0000e+00
   4131.000     2.3674   3.266718     2.3655   3.264979     0.0026     1.3969     0.2923     5.2340    34.8832    34.8643 0.0000e+00
   4130.000     2.3671   3.266670     2.3654   3.264928    -0.0008     1.3971     0.2945     5.2499    34.8833    34.8642 0.0000e+00
   4129.000     2.3672   3.266634     2.3653   3.264899     0.0107 -9.990e-29     0.2911 -9.990e-29    34.8831    34.8644 0.0000e+00
   4128.000     2.3672   3.266603     2.3653   3.264873     0.0170 -9.990e-29     0.2935 -9.990e-29    34.8832    34.8645 0.0000e+00
   4127.000     2.3673   3.266580     2.3655   3.264844     0.0093 -9.990e-29     0.2934 -9.990e-29    34.8832    34.8644 0.0000e+00
   4126.000     2.3672   3.266544     2.3654   3.264802     0.0024     1.3977     0.2938     5.2351    34.8833    34.8644 0.0000e+00
   4125.000     2.3671   3.266494     2.3653   3.264764     0.0022     1.3974     0.2913     5.2341    34.8832    34.8644 0.0000e+00
   4124.000     2.3669   3.266443     2.3651   3.264714     0.0039     1.3976     0.2917     5.2382    34.8833    34.8644 0.0000e+00
   4123.000     2.3669   3.266418     2.3651   3.264678     0.0094     1.3979     0.2934     5.2377    34.8834    34.8644 0.0000e+00
   4122.000     2.3668   3.266368     2.3650   3.264621     0.0054     1.3981     0.2934     5.2396    34.8833    34.8643 0.0000e+00
   4121.000     2.3668   3.266335     2.3650   3.264598    -0.0033     1.3983     0.2934     5.2356    34.8833    34.8644 0.0000e+00
   4120.000     2.3669   3.266306     2.3650   3.264568    -0.0022     1.3984     0.2934     5.2342    34.8833    34.8644 0.0000e+00
   4119.000     2.3670   3.266283     2.3652   3.264544     0.0023     1.3984     0.2934     5.2349    34.8833    34.8643 0.0000e+00
   4118.000     2.3671   3.266261     2.3653   3.264525     0.0022     1.3983     0.2934     5.2283    34.8833    34.8644 0.0000e+00
   4117.000     2.3671   3.266224     2.3653   3.264500     0.0022     1.3985     0.2934     5.2380    34.8833    34.8646 0.0000e+00
   4116.000     2.3671   3.266188     2.3652   3.264453     0.0070     1.3986     0.2938     5.2434    34.8833    34.8645 0.0000e+00
   4115.000     2.3668   3.266133     2.3650   3.264396     0.0059     1.3991     0.2942     5.2468    34.8834    34.8644 0.0000e+00
   4114.000     2.3668   3.266089     2.3650   3.264359     0.0097     1.3992     0.2950     5.2261    34.8832    34.8644 0.0000e+00
   4113.000     2.3669   3.266083     2.3651   3.264332     0.0095     1.3993     0.2934     5.2323    34.8834    34.8644 0.0000e+00
   4112.000     2.3671   3.266043     2.3653   3.264320    -0.0010     1.3994     0.2952     5.2430    34.8832    34.8645 0.0000e+00
   4111.000     2.3672   3.266037     2.3656   3.264311    -0.0051     1.3994     0.2958     5.2367    34.8834    34.8645 0.0000e+00
   4110.000     2.3674   3.266021     2.3657   3.264300     0.0052     1.3995     0.2958     5.2299    34.8835    34.8646 0.0000e+00
   4109.000     2.3671   3.265961     2.3654   3.264229     0.0066     1.3995     0.2945     5.2340    34.8835    34.8645 0.0000e+00
   4108.000     2.3668   3.265914     2.3650   3.264166     0.0064     1.3997     0.2938     5.2386    34.8836    34.8646 0.0000e+00
   4107.000     2.3666   3.265857     2.3650   3.264133     0.0026     1.3999     0.2913     5.2381    34.8835    34.8646 0.0000e+00
   4106.000     2.3669   3.265848     2.3651   3.264117    -0.0047     1.4002     0.2909     5.2440    34.8836    34.8647 0.0000e+00
   4105.000     2.3670   3.265839     2.3653   3.264102     0.0054     1.4002     0.2909     5.2360    34.8837    34.8647 0.0000e+00
   4104.000     2.3672   3.265823     2.3655   3.264089     0.0051     1.4004     0.2909     5.2304    34.8837    34.8647 0.0000e+00
   4103.000     2.3675   3.265808     2.3659   3.264093     0.0022     1.4004     0.2923     5.2351    34.8836    34.8648 0.0000e+00
   4102.000     2.3680   3.265836     2.3664   3.264105     0.0022     1.4004     0.2935     5.2395    34.8839    34.8648 0.0000e+00
   4101.000     2.3683   3.265818     2.3666   3.264092    -0.0007     1.4007     0.2944     5.2364    34.8837    34.8649 0.0000e+00
   4100.000     2.3684   3.265799     2.3667   3.264080    -0.0044     1.4009     0.2960     5.2312    34.8839    34.8650 0.0000e+00
   4099.000     2.3688   3.265804     2.3670   3.264073     0.0024 -9.990e-29     0.2933 -9.990e-29    34.8839    34.8651 0.0000e+00
   4098.000     2.3689   3.265777     2.3672   3.264050     0.0022 -9.990e-29     0.2900 -9.990e-29    34.8839    34.8650 0.0000e+00
   4097.000     2.3686   3.265713     2.3672   3.264013     0.0022 -9.990e-29     0.2930 -9.990e-29    34.8839    34.8650 0.0000e+00
   4096.000     2.3677   3.265606     2.3665   3.263915     0.0021     1.4015     0.2939     5.2395    34.8839    34.8649 0.0000e+00
   4095.000     2.3687   3.265659     2.3670   3.263938     0.0022     1.4016     0.2934     5.2265    34.8838    34.8651 0.0000e+00
   4094.000     2.3692   3.265669     2.3676   3.263941     0.0022     1.4013     0.2934     5.2243    34.8839    34.8649 0.0000e+00
   4093.000     2.3702   3.265749     2.3689   3.264034     0.0022     1.4014     0.2934     5.2379    34.8842    34.8651 0.0000e+00
   4092.000     2.3708   3.265757     2.3691   3.264020     0.0070     1.4015     0.2934     5.2419    34.8841    34.8651 0.0000e+00
